期号：2025120，蓝球：7，红球：[1, 2, 4, 7, 13, 32]
期号：2025119，蓝球：11，红球：[6, 9, 23, 26, 28, 32]
期号：2025118，蓝球：3，红球：[1, 10, 11, 16, 24, 26]
期号：2025117，蓝球：10，红球：[6, 8, 17, 20, 25, 33]
期号：2025116，蓝球：9，红球：[2, 4, 8, 24, 28, 31]
期号：2025115，蓝球：2，红球：[2, 3, 8, 19, 24, 30]
期号：2025114，蓝球：10，红球：[1, 20, 21, 25, 26, 27]
期号：2025113，蓝球：16，红球：[8, 10, 13, 15, 24, 31]
期号：2025112，蓝球：2，红球：[3, 9, 11, 13, 20, 32]
期号：2025111，蓝球：12，红球：[9, 14, 18, 28, 31, 33]
期号：2025110，蓝球：8，红球：[1, 5, 11, 14, 16, 19]
期号：2025109，蓝球：3，红球：[5, 6, 9, 17, 18, 31]
期号：2025108，蓝球：7，红球：[1, 9, 14, 17, 22, 33]
期号：2025107，蓝球：13，红球：[2, 3, 10, 15, 25, 33]
期号：2025106，蓝球：4，红球：[4, 5, 17, 22, 26, 30]
期号：2025105，蓝球：8，红球：[4, 7, 18, 24, 26, 28]
期号：2025104，蓝球：16，红球：[2, 5, 15, 16, 24, 32]
期号：2025103，蓝球：16，红球：[13, 16, 21, 25, 28, 31]
期号：2025102，蓝球：7，红球：[4, 9, 16, 17, 18, 31]
期号：2025101，蓝球：5，红球：[5, 8, 9, 10, 16, 21]
期号：2025100，蓝球：16，红球：[12, 16, 17, 25, 30, 31]
期号：2025099，蓝球：14，红球：[9, 11, 15, 17, 22, 26]
期号：2025098，蓝球：2，红球：[5, 8, 13, 17, 18, 29]
期号：2025097，蓝球：14，红球：[3, 5, 16, 23, 26, 31]
期号：2025096，蓝球：15，红球：[7, 9, 11, 12, 16, 29]
期号：2025095，蓝球：4，红球：[15, 16, 22, 23, 26, 32]
期号：2025094，蓝球：16，红球：[11, 13, 17, 19, 23, 29]
期号：2025093，蓝球：10，红球：[9, 11, 12, 24, 25, 26]
期号：2025092，蓝球：12，红球：[2, 11, 14, 17, 23, 24]
期号：2025091，蓝球：14，红球：[3, 4, 17, 19, 25, 27]
期号：2025090，蓝球：15，红球：[6, 11, 12, 21, 27, 28]
期号：2025089，蓝球：5，红球：[4, 6, 8, 18, 31, 33]
期号：2025088，蓝球：6，红球：[1, 3, 13, 18, 21, 25]
期号：2025087，蓝球：8，红球：[2, 6, 14, 15, 24, 26]
期号：2025086，蓝球：6，红球：[2, 6, 8, 10, 17, 24]
期号：2025085，蓝球：13，红球：[11, 14, 15, 18, 21, 24]
期号：2025084，蓝球：15，红球：[6, 8, 10, 14, 24, 33]
期号：2025083，蓝球：12，红球：[10, 15, 16, 17, 27, 29]
期号：2025082，蓝球：11，红球：[4, 6, 9, 14, 32, 33]
期号：2025081，蓝球：5，红球：[3, 6, 18, 20, 23, 28]
期号：2025080，蓝球：5，红球：[3, 7, 8, 10, 16, 19]
期号：2025079，蓝球：5，红球：[8, 11, 14, 15, 30, 32]
期号：2025078，蓝球：14，红球：[6, 15, 17, 30, 32, 33]
期号：2025077，蓝球：15，红球：[4, 7, 8, 15, 20, 21]
期号：2025076，蓝球：8，红球：[2, 6, 9, 12, 14, 30]
期号：2025075，蓝球：15，红球：[10, 12, 14, 19, 20, 21]
期号：2025074，蓝球：13，红球：[3, 4, 12, 20, 32, 33]
期号：2025073，蓝球：11，红球：[2, 7, 10, 27, 30, 33]
期号：2025072，蓝球：5，红球：[2, 14, 17, 25, 27, 29]
期号：2025071，蓝球：7，红球：[1, 12, 18, 23, 25, 28]
期号：2025070，蓝球：6，红球：[2, 3, 15, 21, 22, 33]
期号：2025069，蓝球：5，红球：[2, 4, 19, 23, 27, 30]
期号：2025068，蓝球：7，红球：[5, 7, 8, 19, 20, 31]
期号：2025067，蓝球：5，红球：[1, 5, 10, 17, 20, 22]
期号：2025066，蓝球：4，红球：[6, 22, 24, 27, 28, 30]
期号：2025065，蓝球：11，红球：[6, 10, 13, 14, 15, 20]
期号：2025064，蓝球：16，红球：[2, 10, 13, 22, 29, 33]
期号：2025063，蓝球：1，红球：[2, 19, 21, 22, 28, 30]
期号：2025062，蓝球：14，红球：[6, 8, 9, 13, 25, 31]
期号：2025061，蓝球：9，红球：[6, 7, 9, 10, 11, 32]
期号：2025060，蓝球：1，红球：[6, 14, 18, 25, 28, 30]
期号：2025059，蓝球：1，红球：[4, 10, 11, 12, 13, 24]
期号：2025058，蓝球：6，红球：[2, 6, 7, 9, 10, 20]
期号：2025057，蓝球：14，红球：[4, 9, 15, 16, 25, 30]
期号：2025056，蓝球：3，红球：[1, 2, 10, 14, 28, 31]
期号：2025055，蓝球：12，红球：[2, 5, 22, 27, 29, 33]
期号：2025054，蓝球：16，红球：[5, 7, 10, 21, 24, 27]
期号：2025053，蓝球：7，红球：[6, 9, 10, 13, 30, 33]
期号：2025052，蓝球：9，红球：[6, 7, 10, 17, 20, 26]
期号：2025051，蓝球：1，红球：[1, 2, 3, 4, 17, 22]
期号：2025050，蓝球：16，红球：[9, 12, 15, 18, 22, 33]
期号：2025049，蓝球：11，红球：[3, 6, 19, 27, 29, 33]
期号：2025048，蓝球：10，红球：[16, 21, 22, 23, 27, 31]
期号：2025047，蓝球：12，红球：[1, 14, 21, 22, 23, 31]
期号：2025046，蓝球：1，红球：[2, 3, 10, 16, 29, 33]
期号：2025045，蓝球：13，红球：[2, 14, 19, 24, 29, 33]
期号：2025044，蓝球：11，红球：[2, 3, 7, 8, 14, 28]
期号：2025043，蓝球：13，红球：[3, 12, 16, 19, 20, 32]
期号：2025042，蓝球：12，红球：[7, 13, 19, 23, 27, 33]
期号：2025041，蓝球：6，红球：[6, 10, 17, 19, 25, 31]
期号：2025040，蓝球：11，红球：[2, 6, 8, 9, 10, 24]
期号：2025039，蓝球：11，红球：[8, 10, 12, 15, 17, 23]
期号：2025038，蓝球：9，红球：[6, 19, 20, 23, 26, 33]
期号：2025037，蓝球：2，红球：[3, 6, 11, 20, 21, 31]
期号：2025036，蓝球：7，红球：[5, 11, 13, 16, 19, 32]
期号：2025035，蓝球：1，红球：[1, 8, 16, 18, 25, 31]
期号：2025034，蓝球：12，红球：[5, 8, 13, 14, 24, 26]
期号：2025033，蓝球：8，红球：[3, 5, 18, 25, 26, 33]
期号：2025032，蓝球：3，红球：[3, 8, 10, 14, 16, 21]
期号：2025031，蓝球：1，红球：[1, 5, 6, 8, 23, 28]
期号：2025030，蓝球：6，红球：[4, 6, 7, 30, 31, 33]
期号：2025029，蓝球：16，红球：[5, 15, 16, 25, 30, 33]
期号：2025028，蓝球：15，红球：[4, 9, 14, 15, 18, 25]
期号：2025027，蓝球：6，红球：[5, 7, 8, 15, 16, 23]
期号：2025026，蓝球：7，红球：[9, 10, 12, 14, 19, 32]
期号：2025025，蓝球：2，红球：[12, 15, 21, 23, 25, 30]
期号：2025024，蓝球：15，红球：[10, 11, 22, 27, 30, 32]
期号：2025023，蓝球：7，红球：[9, 12, 13, 24, 25, 33]
期号：2025022，蓝球：10，红球：[11, 17, 18, 20, 28, 30]
期号：2025021，蓝球：14，红球：[7, 8, 16, 18, 25, 32]
期号：2025020，蓝球：15，红球：[4, 11, 13, 16, 26, 30]
期号：2025019，蓝球：11，红球：[5, 13, 17, 18, 22, 23]
期号：2025018，蓝球：11，红球：[3, 9, 18, 21, 28, 29]
期号：2025017，蓝球：5，红球：[4, 12, 15, 18, 28, 29]
期号：2025016，蓝球：14，红球：[2, 3, 12, 16, 20, 29]
期号：2025015，蓝球：15，红球：[4, 11, 15, 24, 25, 33]
期号：2025014，蓝球：5，红球：[6, 7, 9, 13, 21, 27]
期号：2025013，蓝球：14，红球：[4, 14, 16, 23, 24, 30]
期号：2025012，蓝球：11，红球：[7, 11, 13, 18, 27, 31]
期号：2025011，蓝球：11，红球：[6, 13, 17, 22, 24, 29]
期号：2025010，蓝球：8，红球：[4, 6, 7, 16, 17, 21]
期号：2025009，蓝球：6，红球：[2, 4, 11, 12, 23, 25]
期号：2025008，蓝球：11，红球：[9, 14, 16, 17, 25, 33]
期号：2025007，蓝球：11，红球：[7, 8, 14, 18, 21, 27]
期号：2025006，蓝球：6，红球：[1, 7, 8, 17, 20, 22]
期号：2025005，蓝球：9，红球：[10, 16, 19, 27, 28, 30]
期号：2025004，蓝球：4，红球：[3, 7, 17, 27, 29, 32]
期号：2025003，蓝球：15，红球：[10, 19, 20, 26, 28, 29]
期号：2025002，蓝球：11，红球：[9, 12, 13, 15, 22, 26]
期号：2025001，蓝球：16，红球：[2, 3, 17, 18, 22, 33]
期号：2024151，蓝球：4，红球：[5, 10, 16, 19, 29, 32]
期号：2024150，蓝球：2，红球：[13, 14, 20, 22, 26, 32]
期号：2024149，蓝球：16，红球：[3, 9, 16, 17, 18, 22]
期号：2024148，蓝球：11，红球：[2, 6, 15, 16, 21, 23]
期号：2024147，蓝球：10，红球：[5, 11, 13, 16, 21, 30]
期号：2024146，蓝球：10，红球：[2, 4, 11, 22, 27, 32]
期号：2024145，蓝球：3，红球：[1, 3, 16, 22, 23, 30]
期号：2024144，蓝球：11，红球：[2, 9, 11, 17, 20, 30]
期号：2024143，蓝球：10，红球：[2, 5, 11, 22, 30, 33]
期号：2024142，蓝球：6，红球：[4, 6, 13, 21, 22, 25]
期号：2024141，蓝球：12，红球：[1, 2, 7, 15, 24, 29]
期号：2024140，蓝球：15，红球：[4, 7, 8, 17, 22, 26]
期号：2024139，蓝球：14，红球：[15, 16, 20, 22, 23, 29]
期号：2024138，蓝球：2，红球：[2, 7, 11, 21, 27, 28]
期号：2024137，蓝球：12，红球：[4, 9, 10, 19, 26, 27]
期号：2024136，蓝球：3，红球：[3, 11, 15, 21, 25, 26]
期号：2024135，蓝球：13，红球：[5, 11, 17, 18, 30, 31]
期号：2024134，蓝球：16，红球：[2, 4, 13, 16, 18, 20]
期号：2024133，蓝球：1，红球：[1, 11, 15, 27, 30, 33]
期号：2024132，蓝球：3，红球：[1, 4, 25, 27, 28, 33]
期号：2024131，蓝球：13，红球：[4, 5, 11, 15, 20, 32]
期号：2024130，蓝球：16，红球：[1, 8, 12, 17, 19, 24]
期号：2024129，蓝球：1，红球：[9, 10, 13, 19, 24, 32]
期号：2024128，蓝球：16，红球：[1, 8, 13, 18, 20, 26]
期号：2024127，蓝球：10，红球：[2, 5, 13, 20, 27, 32]
期号：2024126，蓝球：10，红球：[14, 18, 23, 24, 26, 33]
期号：2024125，蓝球：3，红球：[1, 4, 13, 18, 26, 30]
期号：2024124，蓝球：11，红球：[2, 14, 15, 17, 25, 30]
期号：2024123，蓝球：4，红球：[2, 15, 22, 26, 30, 33]
期号：2024122，蓝球：15，红球：[5, 7, 9, 16, 17, 29]
期号：2024121，蓝球：3，红球：[1, 7, 10, 13, 27, 33]
期号：2024120，蓝球：7，红球：[1, 5, 7, 11, 18, 19]
期号：2024119，蓝球：14，红球：[2, 9, 26, 27, 31, 32]
期号：2024118，蓝球：14，红球：[2, 3, 4, 6, 11, 15]
期号：2024117，蓝球：12，红球：[3, 12, 14, 16, 29, 32]
期号：2024116，蓝球：3，红球：[1, 15, 20, 22, 31, 32]
期号：2024115，蓝球：7，红球：[3, 10, 11, 19, 27, 28]
期号：2024114，蓝球：4，红球：[7, 11, 18, 24, 27, 32]
期号：2024113，蓝球：11，红球：[4, 5, 23, 24, 26, 31]
期号：2024112，蓝球：3，红球：[8, 11, 16, 25, 29, 32]
期号：2024111，蓝球：16，红球：[1, 4, 11, 12, 22, 30]
期号：2024110，蓝球：14，红球：[4, 13, 17, 23, 25, 33]
期号：2024109，蓝球：9，红球：[3, 4, 24, 28, 29, 33]
期号：2024108，蓝球：8，红球：[1, 8, 9, 23, 24, 30]
期号：2024107，蓝球：9，红球：[1, 6, 8, 13, 17, 19]
期号：2024106，蓝球：4，红球：[3, 8, 11, 22, 31, 33]
期号：2024105，蓝球：4，红球：[2, 5, 17, 19, 29, 33]
期号：2024104，蓝球：4，红球：[5, 16, 23, 24, 26, 29]
期号：2024103，蓝球：15，红球：[12, 21, 23, 27, 32, 33]
期号：2024102，蓝球：1，红球：[9, 15, 18, 21, 22, 25]
期号：2024101，蓝球：8，红球：[8, 12, 15, 17, 19, 30]
期号：2024100，蓝球：5，红球：[13, 14, 19, 20, 27, 30]
期号：2024099，蓝球：16，红球：[4, 12, 17, 24, 26, 27]
期号：2024098，蓝球：2，红球：[3, 8, 10, 20, 30, 31]
期号：2024097，蓝球：3，红球：[4, 10, 12, 13, 18, 30]
期号：2024096，蓝球：13，红球：[2, 4, 14, 18, 23, 27]
期号：2024095，蓝球：3，红球：[4, 6, 9, 14, 16, 21]
期号：2024094，蓝球：9，红球：[6, 13, 17, 22, 25, 27]
期号：2024093，蓝球：12，红球：[1, 5, 7, 11, 12, 15]
期号：2024092，蓝球：5，红球：[3, 8, 11, 12, 18, 29]
期号：2024091，蓝球：10，红球：[13, 15, 16, 19, 20, 24]
期号：2024090，蓝球：12，红球：[7, 11, 17, 24, 31, 32]
期号：2024089，蓝球：1，红球：[3, 6, 9, 15, 18, 31]
期号：2024088，蓝球：10，红球：[3, 8, 10, 17, 30, 32]
期号：2024087，蓝球：11，红球：[3, 9, 18, 19, 20, 26]
期号：2024086，蓝球：2，红球：[17, 19, 20, 23, 25, 31]
期号：2024085，蓝球：15，红球：[1, 5, 15, 21, 23, 27]
期号：2024084，蓝球：13，红球：[1, 8, 10, 13, 19, 29]
期号：2024083，蓝球：15，红球：[3, 9, 14, 29, 32, 33]
期号：2024082，蓝球：16，红球：[1, 2, 13, 16, 17, 29]
期号：2024081，蓝球：4，红球：[1, 6, 12, 17, 23, 25]
期号：2024080，蓝球：13，红球：[6, 11, 12, 27, 29, 30]
期号：2024079，蓝球：4，红球：[2, 3, 6, 7, 16, 26]
期号：2024078，蓝球：12，红球：[5, 9, 14, 21, 22, 26]
期号：2024077，蓝球：8，红球：[1, 4, 6, 14, 17, 22]
期号：2024076，蓝球：15，红球：[3, 22, 24, 27, 29, 32]
期号：2024075，蓝球：1，红球：[3, 5, 8, 18, 22, 28]
期号：2024074，蓝球：7，红球：[7, 8, 10, 22, 24, 32]
期号：2024073，蓝球：1，红球：[3, 9, 12, 18, 28, 30]
期号：2024072，蓝球：6，红球：[1, 14, 20, 21, 23, 27]
期号：2024071，蓝球：14，红球：[2, 8, 19, 28, 30, 31]
期号：2024070，蓝球：5，红球：[4, 13, 18, 20, 22, 28]
期号：2024069，蓝球：6，红球：[6, 13, 20, 21, 24, 32]
期号：2024068，蓝球：1，红球：[1, 2, 7, 19, 20, 21]
期号：2024067，蓝球：3，红球：[1, 11, 13, 17, 25, 29]
期号：2024066，蓝球：13，红球：[8, 9, 12, 22, 26, 32]
期号：2024065，蓝球：14，红球：[3, 5, 9, 10, 19, 22]
期号：2024064，蓝球：5，红球：[6, 8, 17, 18, 28, 30]
期号：2024063，蓝球：4，红球：[7, 14, 16, 23, 28, 32]
期号：2024062，蓝球：16，红球：[1, 7, 10, 16, 18, 27]
期号：2024061，蓝球：2，红球：[1, 9, 18, 22, 25, 28]
期号：2024060，蓝球：15，红球：[1, 2, 6, 10, 22, 28]
期号：2024059，蓝球：7，红球：[1, 3, 14, 25, 31, 33]
期号：2024058，蓝球：13，红球：[8, 12, 13, 17, 27, 29]
期号：2024057，蓝球：8，红球：[3, 8, 17, 18, 23, 31]
期号：2024056，蓝球：6，红球：[5, 18, 20, 24, 25, 26]
期号：2024055，蓝球：3，红球：[2, 4, 6, 7, 16, 29]
期号：2024054，蓝球：3，红球：[8, 13, 20, 25, 31, 32]
期号：2024053，蓝球：7，红球：[7, 14, 21, 22, 28, 33]
期号：2024052，蓝球：3，红球：[7, 10, 11, 15, 17, 21]
期号：2024051，蓝球：6，红球：[5, 9, 13, 20, 23, 28]
期号：2024050，蓝球：2，红球：[1, 3, 7, 10, 22, 33]
期号：2024049，蓝球：11，红球：[12, 15, 17, 23, 26, 32]
期号：2024048，蓝球：2，红球：[2, 9, 15, 19, 26, 28]
期号：2024047，蓝球：15，红球：[7, 8, 21, 26, 29, 30]
期号：2024046，蓝球：15，红球：[2, 6, 10, 11, 17, 29]
期号：2024045，蓝球：3，红球：[2, 8, 19, 23, 24, 26]
期号：2024044，蓝球：6，红球：[2, 6, 17, 25, 32, 33]
期号：2024043，蓝球：8，红球：[4, 6, 7, 14, 15, 24]
期号：2024042，蓝球：14，红球：[2, 4, 5, 14, 26, 32]
期号：2024041，蓝球：16，红球：[2, 9, 12, 22, 25, 33]
期号：2024040，蓝球：2，红球：[11, 14, 18, 19, 23, 26]
期号：2024039，蓝球：10，红球：[2, 6, 12, 29, 30, 31]
期号：2024038，蓝球：2，红球：[8, 10, 18, 23, 27, 31]
期号：2024037，蓝球：13，红球：[1, 4, 5, 6, 12, 14]
期号：2024036，蓝球：2，红球：[2, 8, 9, 12, 21, 31]
期号：2024035，蓝球：6，红球：[5, 7, 14, 17, 22, 32]
期号：2024034，蓝球：4，红球：[2, 9, 12, 19, 21, 31]
期号：2024033，蓝球：5，红球：[6, 10, 11, 18, 20, 32]
期号：2024032，蓝球：16，红球：[1, 3, 4, 11, 12, 21]
期号：2024031，蓝球：2，红球：[9, 10, 13, 25, 30, 32]
期号：2024030，蓝球：10，红球：[1, 8, 22, 25, 29, 33]
期号：2024029，蓝球：4，红球：[12, 18, 23, 25, 28, 33]
期号：2024028，蓝球：5，红球：[3, 7, 8, 11, 18, 19]
期号：2024027，蓝球：13，红球：[2, 6, 13, 27, 28, 32]
期号：2024026，蓝球：6，红球：[4, 7, 18, 19, 20, 25]
期号：2024025，蓝球：13，红球：[8, 15, 21, 22, 25, 33]
期号：2024024，蓝球：10，红球：[3, 7, 21, 24, 26, 30]
期号：2024023，蓝球：10，红球：[1, 10, 22, 25, 28, 32]
期号：2024022，蓝球：6，红球：[2, 9, 11, 14, 18, 26]
期号：2024021，蓝球：11，红球：[4, 6, 16, 17, 23, 24]
期号：2024020，蓝球：8，红球：[3, 8, 12, 14, 17, 33]
期号：2024019，蓝球：8，红球：[5, 11, 12, 16, 17, 20]
期号：2024018，蓝球：16，红球：[6, 15, 17, 24, 28, 29]
期号：2024017，蓝球：4，红球：[4, 17, 19, 20, 25, 32]
期号：2024016，蓝球：4，红球：[7, 12, 20, 24, 32, 33]
期号：2024015，蓝球：15，红球：[3, 8, 17, 18, 20, 30]
期号：2024014，蓝球：13，红球：[1, 2, 10, 22, 24, 25]
期号：2024013，蓝球：7，红球：[1, 7, 10, 14, 21, 25]
期号：2024012，蓝球：15，红球：[1, 3, 7, 18, 22, 28]
期号：2024011，蓝球：6，红球：[8, 12, 16, 20, 27, 31]
期号：2024010，蓝球：4，红球：[11, 16, 20, 21, 23, 24]
期号：2024009，蓝球：14，红球：[1, 4, 7, 10, 17, 23]
期号：2024008，蓝球：13，红球：[8, 20, 21, 23, 27, 30]
期号：2024007，蓝球：15，红球：[4, 5, 6, 7, 20, 22]
期号：2024006，蓝球：5，红球：[7, 18, 20, 21, 26, 32]
期号：2024005，蓝球：3，红球：[5, 6, 20, 23, 25, 32]
期号：2024004，蓝球：4，红球：[9, 13, 17, 18, 21, 27]
期号：2024003，蓝球：3，红球：[1, 5, 8, 13, 32, 33]
期号：2024002，蓝球：9，红球：[4, 9, 10, 17, 19, 20]
期号：2024001，蓝球：16，红球：[3, 7, 16, 26, 27, 32]
期号：2023151，蓝球：5，红球：[1, 15, 16, 20, 25, 27]
期号：2023150，蓝球：5，红球：[10, 17, 25, 26, 30, 33]
期号：2023149，蓝球：15，红球：[2, 10, 19, 24, 26, 33]
期号：2023148，蓝球：8，红球：[3, 5, 7, 9, 19, 20]
期号：2023147，蓝球：12，红球：[5, 6, 14, 16, 19, 32]
期号：2023146，蓝球：9，红球：[2, 3, 6, 11, 20, 32]
期号：2023145，蓝球：11，红球：[7, 10, 21, 22, 23, 24]
期号：2023144，蓝球：8，红球：[12, 16, 17, 22, 25, 27]
期号：2023143，蓝球：15，红球：[5, 7, 9, 16, 23, 30]
期号：2023142，蓝球：14，红球：[2, 8, 20, 21, 27, 33]
期号：2023141，蓝球：3，红球：[1, 8, 11, 12, 21, 23]
期号：2023140，蓝球：5，红球：[3, 4, 11, 14, 30, 31]
期号：2023139，蓝球：11，红球：[12, 14, 19, 21, 27, 31]
期号：2023138，蓝球：4，红球：[3, 22, 28, 30, 31, 33]
期号：2023137，蓝球：11，红球：[3, 12, 17, 19, 23, 27]
期号：2023136，蓝球：10，红球：[3, 5, 10, 21, 22, 26]
期号：2023135，蓝球：7，红球：[5, 6, 11, 13, 28, 30]
期号：2023134，蓝球：4，红球：[5, 8, 9, 17, 22, 33]
期号：2023133，蓝球：3，红球：[4, 5, 10, 14, 22, 25]
期号：2023132，蓝球：1，红球：[3, 9, 11, 15, 25, 27]
期号：2023131，蓝球：1，红球：[6, 7, 14, 20, 26, 32]
期号：2023130，蓝球：16，红球：[4, 10, 17, 22, 23, 32]
期号：2023129，蓝球：4，红球：[8, 9, 12, 17, 32, 33]
期号：2023128，蓝球：1，红球：[7, 16, 20, 21, 27, 33]
期号：2023127，蓝球：14，红球：[3, 8, 19, 22, 26, 32]
期号：2023126，蓝球：16，红球：[10, 24, 26, 28, 29, 31]
期号：2023125，蓝球：4，红球：[11, 14, 15, 27, 30, 33]
期号：2023124，蓝球：11，红球：[2, 3, 17, 18, 25, 30]
期号：2023123，蓝球：15，红球：[10, 13, 15, 22, 29, 32]
期号：2023122，蓝球：5，红球：[7, 8, 14, 18, 20, 30]
期号：2023121，蓝球：12，红球：[2, 12, 16, 25, 30, 31]
期号：2023120，蓝球：8，红球：[3, 8, 13, 24, 27, 29]
期号：2023119，蓝球：15，红球：[1, 2, 3, 19, 21, 28]
期号：2023118，蓝球：4，红球：[1, 2, 11, 19, 25, 29]
期号：2023117，蓝球：8，红球：[2, 11, 14, 17, 18, 28]
期号：2023116，蓝球：12，红球：[2, 8, 9, 13, 24, 27]
期号：2023115，蓝球：16，红球：[2, 7, 16, 21, 26, 27]
期号：2023114，蓝球：9，红球：[7, 9, 15, 16, 17, 26]
期号：2023113，蓝球：3，红球：[1, 2, 13, 18, 25, 27]
期号：2023112，蓝球：4，红球：[9, 12, 13, 22, 24, 31]
期号：2023111，蓝球：9，红球：[5, 6, 12, 17, 20, 33]
期号：2023110，蓝球：16，红球：[2, 6, 20, 25, 29, 33]
期号：2023109，蓝球：13，红球：[6, 8, 10, 13, 16, 28]
期号：2023108，蓝球：9，红球：[1, 3, 6, 8, 18, 24]
期号：2023107，蓝球：14，红球：[3, 7, 18, 25, 29, 33]
期号：2023106，蓝球：7，红球：[7, 9, 10, 20, 22, 24]
期号：2023105，蓝球：16，红球：[1, 3, 5, 26, 30, 32]
期号：2023104，蓝球：12，红球：[10, 19, 23, 25, 30, 31]
期号：2023103，蓝球：15，红球：[5, 6, 13, 24, 25, 29]
期号：2023102，蓝球：10，红球：[1, 9, 10, 13, 21, 28]
期号：2023101，蓝球：4，红球：[1, 5, 9, 15, 18, 26]
期号：2023100，蓝球：4，红球：[5, 6, 12, 15, 23, 25]
期号：2023099，蓝球：5，红球：[9, 11, 14, 19, 27, 33]
期号：2023098，蓝球：11，红球：[2, 10, 11, 14, 21, 27]
期号：2023097，蓝球：15，红球：[1, 9, 14, 19, 29, 30]
期号：2023096，蓝球：15，红球：[8, 11, 18, 26, 31, 32]
期号：2023095，蓝球：11，红球：[3, 8, 16, 17, 22, 26]
期号：2023094，蓝球：12，红球：[6, 10, 12, 14, 30, 31]
期号：2023093，蓝球：7，红球：[10, 21, 24, 25, 27, 32]
期号：2023092，蓝球：13，红球：[3, 12, 24, 25, 32, 33]
期号：2023091，蓝球：16，红球：[16, 20, 22, 26, 30, 32]
期号：2023090，蓝球：7，红球：[1, 2, 9, 26, 30, 31]
期号：2023089，蓝球：11，红球：[8, 13, 15, 27, 28, 31]
期号：2023088，蓝球：5，红球：[1, 14, 18, 26, 31, 33]
期号：2023087，蓝球：1，红球：[2, 9, 15, 17, 28, 33]
期号：2023086，蓝球：12，红球：[8, 9, 10, 22, 26, 32]
期号：2023085，蓝球：13，红球：[11, 18, 23, 24, 31, 33]
期号：2023084，蓝球：3，红球：[9, 13, 14, 17, 19, 27]
期号：2023083，蓝球：12，红球：[7, 10, 12, 16, 17, 30]
期号：2023082，蓝球：16，红球：[4, 18, 19, 24, 27, 30]
期号：2023081，蓝球：15，红球：[1, 11, 15, 16, 22, 31]
期号：2023080，蓝球：8，红球：[1, 2, 4, 9, 25, 31]
期号：2023079，蓝球：7，红球：[5, 6, 9, 12, 21, 22]
期号：2023078，蓝球：8，红球：[6, 8, 14, 19, 30, 31]
期号：2023077，蓝球：1，红球：[7, 9, 14, 22, 26, 27]
期号：2023076，蓝球：9，红球：[3, 4, 15, 18, 19, 22]
期号：2023075，蓝球：1，红球：[13, 15, 24, 28, 30, 31]
期号：2023074，蓝球：3，红球：[2, 8, 9, 18, 19, 21]
期号：2023073，蓝球：10，红球：[1, 3, 15, 16, 25, 32]
期号：2023072，蓝球：9，红球：[2, 6, 10, 24, 25, 33]
期号：2023071，蓝球：6，红球：[5, 12, 15, 19, 24, 26]
期号：2023070，蓝球：4，红球：[3, 5, 25, 31, 32, 33]
期号：2023069，蓝球：2，红球：[12, 14, 17, 20, 21, 26]
期号：2023068，蓝球：2，红球：[11, 12, 15, 18, 29, 33]
期号：2023067，蓝球：14，红球：[1, 3, 12, 19, 28, 32]
期号：2023066，蓝球：6，红球：[2, 7, 8, 10, 26, 31]
期号：2023065，蓝球：14，红球：[2, 14, 17, 20, 26, 33]
期号：2023064，蓝球：4，红球：[1, 7, 11, 12, 16, 18]
期号：2023063，蓝球：13，红球：[4, 8, 17, 20, 22, 27]
期号：2023062，蓝球：15，红球：[11, 19, 23, 24, 26, 33]
期号：2023061，蓝球：15，红球：[1, 4, 6, 11, 12, 22]
期号：2023060，蓝球：11，红球：[9, 11, 17, 19, 30, 31]
期号：2023059，蓝球：6，红球：[2, 6, 13, 22, 27, 32]
期号：2023058，蓝球：11，红球：[10, 17, 22, 26, 30, 33]
期号：2023057，蓝球：3，红球：[2, 5, 10, 17, 24, 32]
期号：2023056，蓝球：8，红球：[8, 14, 15, 18, 23, 33]
期号：2023055，蓝球：13，红球：[3, 4, 20, 23, 27, 32]
期号：2023054，蓝球：12，红球：[5, 6, 9, 10, 15, 26]
期号：2023053，蓝球：15，红球：[1, 7, 14, 20, 27, 30]
期号：2023052，蓝球：6，红球：[3, 4, 5, 8, 12, 17]
期号：2023051，蓝球：14，红球：[22, 26, 29, 30, 32, 33]
期号：2023050，蓝球：5，红球：[2, 7, 9, 14, 22, 23]
期号：2023049，蓝球：2，红球：[5, 7, 14, 23, 25, 27]
期号：2023048，蓝球：8，红球：[2, 3, 10, 24, 28, 30]
期号：2023047，蓝球：7，红球：[5, 7, 14, 23, 31, 33]
期号：2023046，蓝球：3，红球：[6, 8, 17, 25, 26, 28]
期号：2023045，蓝球：4，红球：[3, 6, 12, 21, 27, 28]
期号：2023044，蓝球：16，红球：[2, 8, 15, 22, 24, 26]
期号：2023043，蓝球：10，红球：[5, 8, 12, 20, 24, 28]
期号：2023042，蓝球：10，红球：[10, 17, 20, 23, 27, 30]
期号：2023041，蓝球：6，红球：[1, 6, 12, 13, 15, 24]
期号：2023040，蓝球：8，红球：[9, 16, 17, 24, 29, 31]
期号：2023039，蓝球：9，红球：[2, 3, 9, 13, 19, 28]
期号：2023038，蓝球：8，红球：[2, 9, 14, 17, 31, 33]
期号：2023037，蓝球：12，红球：[8, 23, 25, 26, 29, 31]
期号：2023036，蓝球：9，红球：[13, 14, 18, 19, 24, 30]
期号：2023035，蓝球：6，红球：[1, 4, 9, 10, 20, 33]
期号：2023034，蓝球：15，红球：[2, 3, 9, 11, 12, 17]
期号：2023033，蓝球：5，红球：[8, 9, 13, 23, 24, 26]
期号：2023032，蓝球：1，红球：[6, 19, 20, 26, 28, 33]
期号：2023031，蓝球：5，红球：[7, 14, 27, 29, 31, 33]
期号：2023030，蓝球：6，红球：[2, 3, 7, 16, 30, 31]
期号：2023029，蓝球：8，红球：[3, 7, 12, 24, 28, 33]
期号：2023028，蓝球：14，红球：[5, 7, 10, 17, 20, 22]
期号：2023027，蓝球：8，红球：[8, 10, 22, 27, 32, 33]
期号：2023026，蓝球：3，红球：[1, 18, 26, 30, 31, 33]
期号：2023025，蓝球：14，红球：[4, 16, 20, 21, 31, 32]
期号：2023024，蓝球：3，红球：[3, 6, 9, 17, 27, 28]
期号：2023023，蓝球：9，红球：[5, 8, 10, 15, 24, 25]
期号：2023022，蓝球：3，红球：[10, 11, 18, 19, 23, 31]
期号：2023021，蓝球：4，红球：[2, 5, 6, 19, 21, 27]
期号：2023020，蓝球：5，红球：[1, 12, 17, 18, 26, 27]
期号：2023019，蓝球：15，红球：[6, 12, 26, 28, 29, 32]
期号：2023018，蓝球：13，红球：[10, 12, 17, 19, 25, 31]
期号：2023017，蓝球：12，红球：[5, 11, 18, 20, 26, 28]
期号：2023016，蓝球：3，红球：[14, 16, 19, 23, 28, 30]
期号：2023015，蓝球：8，红球：[2, 3, 14, 21, 29, 32]
期号：2023014，蓝球：5，红球：[6, 7, 18, 23, 27, 30]
期号：2023013，蓝球：13，红球：[6, 10, 14, 22, 23, 33]
期号：2023012，蓝球：6，红球：[3, 4, 7, 22, 26, 30]
期号：2023011，蓝球：4，红球：[6, 7, 16, 17, 21, 22]
期号：2023010，蓝球：12，红球：[4, 5, 13, 18, 27, 29]
期号：2023009，蓝球：6，红球：[3, 4, 19, 23, 30, 32]
期号：2023008，蓝球：6，红球：[5, 13, 18, 20, 26, 28]
期号：2023007，蓝球：3，红球：[5, 6, 9, 22, 25, 31]
期号：2023006，蓝球：5，红球：[2, 10, 12, 14, 24, 26]
期号：2023005，蓝球：16，红球：[2, 6, 8, 13, 14, 19]
期号：2023004，蓝球：16，红球：[1, 7, 15, 16, 20, 25]
期号：2023003，蓝球：6，红球：[5, 8, 18, 25, 30, 32]
期号：2023002，蓝球：13，红球：[2, 6, 10, 16, 18, 22]
期号：2023001，蓝球：2，红球：[9, 16, 18, 22, 28, 32]
期号：2022150，蓝球：5，红球：[1, 7, 11, 12, 22, 28]
期号：2022149，蓝球：14，红球：[2, 22, 26, 29, 32, 33]
期号：2022148，蓝球：14，红球：[2, 15, 16, 17, 21, 31]
期号：2022147，蓝球：10，红球：[2, 3, 7, 13, 20, 30]
期号：2022146，蓝球：6，红球：[6, 7, 13, 18, 26, 31]
期号：2022145，蓝球：11，红球：[3, 21, 25, 30, 31, 33]
期号：2022144，蓝球：5，红球：[7, 20, 22, 23, 31, 32]
期号：2022143，蓝球：3，红球：[7, 8, 13, 29, 30, 33]
期号：2022142，蓝球：3，红球：[1, 3, 13, 16, 21, 27]
期号：2022141，蓝球：14，红球：[5, 12, 13, 17, 20, 27]
期号：2022140，蓝球：15，红球：[8, 9, 18, 19, 20, 27]
期号：2022139，蓝球：14，红球：[6, 7, 9, 16, 17, 19]
期号：2022138，蓝球：11，红球：[2, 14, 19, 21, 25, 28]
期号：2022137，蓝球：1，红球：[8, 21, 23, 27, 28, 33]
期号：2022136，蓝球：8，红球：[8, 10, 14, 15, 18, 22]
期号：2022135，蓝球：6，红球：[9, 11, 13, 24, 28, 32]
期号：2022134，蓝球：14，红球：[1, 5, 14, 17, 24, 31]
期号：2022133，蓝球：12，红球：[5, 8, 16, 17, 21, 25]
期号：2022132，蓝球：4，红球：[1, 3, 18, 26, 32, 33]
期号：2022131，蓝球：6，红球：[3, 5, 10, 13, 19, 29]
期号：2022130，蓝球：12，红球：[2, 8, 15, 17, 26, 28]
期号：2022129，蓝球：7，红球：[10, 12, 14, 22, 24, 27]
期号：2022128，蓝球：1，红球：[3, 12, 18, 24, 27, 29]
期号：2022127，蓝球：13，红球：[3, 4, 9, 10, 29, 33]
期号：2022126，蓝球：13，红球：[1, 13, 15, 17, 26, 33]
期号：2022125，蓝球：16，红球：[2, 3, 7, 12, 20, 31]
期号：2022124，蓝球：1，红球：[5, 10, 13, 18, 24, 26]
期号：2022123，蓝球：5，红球：[10, 13, 16, 20, 21, 25]
期号：2022122，蓝球：5，红球：[6, 8, 17, 19, 24, 28]
期号：2022121，蓝球：2，红球：[12, 17, 22, 27, 30, 31]
期号：2022120，蓝球：2，红球：[2, 15, 19, 26, 27, 29]
期号：2022119，蓝球：4，红球：[2, 5, 15, 18, 26, 27]
期号：2022118，蓝球：8，红球：[2, 6, 7, 11, 14, 33]
期号：2022117，蓝球：6，红球：[4, 13, 17, 18, 28, 29]
期号：2022116，蓝球：1，红球：[8, 14, 26, 27, 30, 33]
期号：2022115，蓝球：9，红球：[6, 7, 18, 20, 27, 29]
期号：2022114，蓝球：13，红球：[1, 5, 15, 19, 26, 29]
期号：2022113，蓝球：2，红球：[13, 14, 20, 24, 27, 29]
期号：2022112，蓝球：1，红球：[3, 5, 8, 17, 25, 31]
期号：2022111，蓝球：1，红球：[2, 10, 11, 13, 28, 31]
期号：2022110，蓝球：15，红球：[9, 13, 15, 18, 20, 28]
期号：2022109，蓝球：11，红球：[4, 11, 13, 19, 22, 33]
期号：2022108，蓝球：15，红球：[1, 7, 13, 17, 18, 31]
期号：2022107，蓝球：16，红球：[3, 9, 11, 15, 19, 28]
期号：2022106，蓝球：1，红球：[17, 20, 22, 23, 24, 31]
期号：2022105，蓝球：15，红球：[6, 12, 13, 15, 21, 23]
期号：2022104，蓝球：1，红球：[1, 8, 19, 25, 26, 31]
期号：2022103，蓝球：10，红球：[6, 9, 12, 14, 20, 28]
期号：2022102，蓝球：14，红球：[9, 10, 12, 18, 29, 32]
期号：2022101，蓝球：4，红球：[4, 16, 18, 19, 27, 28]
期号：2022100，蓝球：15，红球：[2, 6, 7, 15, 20, 21]
期号：2022099，蓝球：15，红球：[1, 11, 23, 24, 26, 32]
期号：2022098，蓝球：5，红球：[2, 3, 4, 6, 21, 33]
期号：2022097，蓝球：14，红球：[4, 5, 10, 13, 30, 31]
期号：2022096，蓝球：7，红球：[3, 16, 17, 19, 25, 33]
期号：2022095，蓝球：8，红球：[4, 13, 14, 18, 20, 28]
期号：2022094，蓝球：2，红球：[6, 11, 13, 16, 19, 31]
期号：2022093，蓝球：14，红球：[21, 22, 24, 28, 29, 32]
期号：2022092，蓝球：11，红球：[7, 10, 16, 20, 21, 27]
期号：2022091，蓝球：10，红球：[8, 18, 20, 22, 24, 28]
期号：2022090，蓝球：7，红球：[1, 4, 25, 27, 29, 30]
期号：2022089，蓝球：15，红球：[2, 7, 15, 29, 31, 33]
期号：2022088，蓝球：6，红球：[3, 9, 15, 17, 20, 22]
期号：2022087，蓝球：8，红球：[5, 6, 9, 13, 23, 25]
期号：2022086，蓝球：11，红球：[1, 4, 8, 21, 23, 24]
期号：2022085，蓝球：13，红球：[7, 9, 14, 31, 32, 33]
期号：2022084，蓝球：9，红球：[3, 18, 23, 24, 25, 32]
期号：2022083，蓝球：5，红球：[8, 12, 13, 14, 19, 20]
期号：2022082，蓝球：14，红球：[4, 10, 11, 23, 30, 32]
期号：2022081，蓝球：1，红球：[4, 8, 11, 21, 27, 30]
期号：2022080，蓝球：4，红球：[5, 12, 15, 17, 18, 27]
期号：2022079，蓝球：16，红球：[1, 9, 15, 17, 22, 23]
期号：2022078，蓝球：9，红球：[1, 4, 5, 15, 17, 31]
期号：2022077，蓝球：16，红球：[3, 17, 18, 19, 20, 27]
期号：2022076，蓝球：2，红球：[8, 9, 10, 13, 24, 29]
期号：2022075，蓝球：10，红球：[1, 2, 4, 25, 26, 30]
期号：2022074，蓝球：15，红球：[5, 7, 15, 19, 29, 33]
期号：2022073，蓝球：12，红球：[6, 10, 14, 15, 26, 29]
期号：2022072，蓝球：12，红球：[5, 14, 15, 16, 18, 32]
期号：2022071，蓝球：1，红球：[4, 7, 15, 18, 29, 33]
期号：2022070，蓝球：2，红球：[4, 6, 9, 27, 28, 33]
期号：2022069，蓝球：8，红球：[6, 7, 13, 19, 26, 29]
期号：2022068，蓝球：6，红球：[7, 12, 15, 24, 26, 29]
期号：2022067，蓝球：15，红球：[1, 5, 13, 21, 26, 29]
期号：2022066，蓝球：9，红球：[6, 11, 14, 20, 27, 30]
期号：2022065，蓝球：2，红球：[9, 14, 18, 23, 28, 31]
期号：2022064，蓝球：16，红球：[4, 6, 12, 13, 17, 31]
期号：2022063，蓝球：11，红球：[6, 8, 9, 17, 22, 31]
期号：2022062，蓝球：5，红球：[16, 18, 20, 21, 23, 33]
期号：2022061，蓝球：6，红球：[1, 3, 16, 18, 29, 33]
期号：2022060，蓝球：1，红球：[16, 18, 19, 24, 28, 32]
期号：2022059，蓝球：6，红球：[6, 9, 18, 19, 29, 33]
期号：2022058，蓝球：1，红球：[6, 13, 14, 23, 31, 33]
期号：2022057，蓝球：16，红球：[12, 15, 20, 26, 30, 33]
期号：2022056，蓝球：15，红球：[1, 6, 11, 14, 17, 26]
期号：2022055，蓝球：3，红球：[2, 4, 9, 26, 28, 33]
期号：2022054，蓝球：11，红球：[8, 12, 21, 27, 28, 33]
期号：2022053，蓝球：15，红球：[10, 14, 18, 23, 27, 33]
期号：2022052，蓝球：15，红球：[7, 24, 27, 29, 31, 32]
期号：2022051，蓝球：1，红球：[2, 5, 11, 17, 21, 33]
期号：2022050，蓝球：8，红球：[3, 5, 8, 14, 27, 33]
期号：2022049，蓝球：10，红球：[2, 4, 7, 18, 25, 26]
期号：2022048，蓝球：14，红球：[5, 7, 17, 20, 26, 31]
期号：2022047，蓝球：9，红球：[3, 7, 8, 14, 27, 30]
期号：2022046，蓝球：14，红球：[2, 11, 24, 25, 27, 30]
期号：2022045，蓝球：4，红球：[3, 12, 17, 18, 19, 28]
期号：2022044，蓝球：6，红球：[1, 7, 8, 21, 23, 29]
期号：2022043，蓝球：8，红球：[2, 17, 20, 23, 25, 27]
期号：2022042，蓝球：13，红球：[5, 10, 11, 21, 22, 30]
期号：2022041，蓝球：14，红球：[5, 7, 21, 22, 24, 29]
期号：2022040，蓝球：12，红球：[3, 12, 14, 16, 31, 33]
期号：2022039，蓝球：5，红球：[2, 6, 7, 10, 15, 20]
期号：2022038，蓝球：4，红球：[9, 12, 13, 16, 24, 32]
期号：2022037，蓝球：14，红球：[1, 10, 13, 20, 22, 32]
期号：2022036，蓝球：2，红球：[2, 3, 14, 16, 26, 31]
期号：2022035，蓝球：15，红球：[8, 12, 13, 19, 23, 25]
期号：2022034，蓝球：10，红球：[14, 17, 26, 31, 32, 33]
期号：2022033，蓝球：5，红球：[5, 12, 19, 22, 25, 26]
期号：2022032，蓝球：7，红球：[4, 10, 11, 14, 23, 32]
期号：2022031，蓝球：7，红球：[1, 10, 11, 22, 26, 32]
期号：2022030，蓝球：5，红球：[12, 23, 24, 26, 27, 30]
期号：2022029，蓝球：8，红球：[3, 8, 10, 13, 26, 32]
期号：2022028，蓝球：9，红球：[5, 11, 20, 22, 23, 29]
期号：2022027，蓝球：9，红球：[14, 15, 18, 19, 26, 32]
期号：2022026，蓝球：2，红球：[3, 4, 10, 15, 22, 24]
期号：2022025，蓝球：4，红球：[6, 19, 24, 25, 28, 32]
期号：2022024，蓝球：15，红球：[7, 9, 10, 14, 19, 24]
期号：2022023，蓝球：2，红球：[7, 12, 17, 19, 24, 25]
期号：2022022，蓝球：6，红球：[1, 7, 11, 15, 17, 19]
期号：2022021，蓝球：14，红球：[3, 7, 22, 24, 26, 31]
期号：2022020，蓝球：1，红球：[9, 11, 14, 22, 30, 32]
期号：2022019，蓝球：8，红球：[5, 6, 14, 20, 21, 25]
期号：2022018，蓝球：16，红球：[7, 11, 16, 17, 30, 32]
期号：2022017，蓝球：7，红球：[6, 9, 24, 29, 30, 32]
期号：2022016，蓝球：14，红球：[5, 10, 19, 20, 29, 31]
期号：2022015，蓝球：7，红球：[6, 14, 16, 27, 28, 31]
期号：2022014，蓝球：4，红球：[6, 7, 13, 14, 15, 27]
期号：2022013，蓝球：15，红球：[2, 3, 4, 7, 10, 18]
期号：2022012，蓝球：1，红球：[4, 7, 8, 29, 30, 31]
期号：2022011，蓝球：15，红球：[6, 15, 23, 24, 25, 33]
期号：2022010，蓝球：15，红球：[12, 18, 19, 20, 21, 32]
期号：2022009，蓝球：16，红球：[4, 15, 17, 19, 25, 28]
期号：2022008，蓝球：13，红球：[2, 3, 7, 9, 20, 21]
期号：2022007，蓝球：16，红球：[1, 20, 22, 23, 25, 28]
期号：2022006，蓝球：2，红球：[3, 6, 9, 15, 22, 31]
期号：2022005，蓝球：16，红球：[7, 10, 12, 16, 19, 31]
期号：2022004，蓝球：14，红球：[5, 19, 24, 28, 30, 32]
期号：2022003，蓝球：6，红球：[2, 5, 16, 17, 18, 30]
期号：2022002，蓝球：8，红球：[2, 12, 21, 23, 25, 31]
期号：2022001，蓝球：3，红球：[6, 13, 15, 17, 20, 21]
期号：2021150，蓝球：4，红球：[9, 14, 20, 21, 24, 26]
期号：2021149，蓝球：5，红球：[5, 10, 15, 18, 19, 32]
期号：2021148，蓝球：8，红球：[10, 12, 15, 17, 19, 20]
期号：2021147，蓝球：9，红球：[5, 10, 11, 13, 27, 28]
期号：2021146，蓝球：3，红球：[7, 9, 21, 22, 26, 32]
期号：2021145，蓝球：9，红球：[4, 7, 10, 14, 16, 26]
期号：2021144，蓝球：7，红球：[2, 5, 13, 15, 23, 26]
期号：2021143，蓝球：9，红球：[1, 9, 11, 13, 20, 29]
期号：2021142，蓝球：16，红球：[4, 7, 17, 19, 20, 24]
期号：2021141，蓝球：10，红球：[1, 14, 19, 23, 26, 30]
期号：2021140，蓝球：1，红球：[5, 10, 16, 26, 27, 33]
期号：2021139，蓝球：1，红球：[12, 14, 19, 23, 24, 27]
期号：2021138，蓝球：9，红球：[11, 14, 15, 16, 27, 32]
期号：2021137，蓝球：1，红球：[3, 7, 10, 14, 21, 24]
期号：2021136，蓝球：16，红球：[2, 6, 9, 15, 19, 28]
期号：2021135，蓝球：4，红球：[3, 10, 17, 19, 21, 31]
期号：2021134，蓝球：8，红球：[1, 2, 16, 19, 25, 31]
期号：2021133，蓝球：10，红球：[1, 3, 12, 19, 27, 31]
期号：2021132，蓝球：8，红球：[1, 4, 6, 14, 20, 28]
期号：2021131，蓝球：1，红球：[8, 11, 18, 19, 20, 24]
期号：2021130，蓝球：6，红球：[8, 9, 15, 24, 26, 30]
期号：2021129，蓝球：10，红球：[4, 15, 21, 27, 28, 29]
期号：2021128，蓝球：4，红球：[5, 17, 20, 21, 23, 33]
期号：2021127，蓝球：7，红球：[7, 15, 16, 20, 27, 29]
期号：2021126，蓝球：1，红球：[19, 20, 23, 27, 28, 31]
期号：2021125，蓝球：9，红球：[14, 19, 20, 23, 24, 31]
期号：2021124，蓝球：2，红球：[1, 3, 18, 22, 29, 32]
期号：2021123，蓝球：5，红球：[6, 14, 15, 19, 29, 31]
期号：2021122，蓝球：7，红球：[4, 5, 12, 15, 18, 28]
期号：2021121，蓝球：15，红球：[4, 5, 12, 16, 22, 30]
期号：2021120，蓝球：5，红球：[1, 7, 8, 12, 13, 18]
期号：2021119，蓝球：13，红球：[3, 9, 10, 11, 28, 29]
期号：2021118，蓝球：13，红球：[2, 6, 14, 18, 20, 31]
期号：2021117，蓝球：4，红球：[3, 5, 17, 21, 27, 33]
期号：2021116，蓝球：6，红球：[6, 14, 17, 18, 31, 33]
期号：2021115，蓝球：8，红球：[2, 10, 12, 15, 24, 27]
期号：2021114，蓝球：2，红球：[4, 6, 8, 14, 24, 27]
期号：2021113，蓝球：2，红球：[4, 7, 10, 22, 27, 30]
期号：2021112，蓝球：7，红球：[5, 6, 21, 25, 28, 33]
期号：2021111，蓝球：6，红球：[17, 20, 22, 23, 26, 28]
期号：2021110，蓝球：2，红球：[10, 13, 15, 24, 31, 32]
期号：2021109，蓝球：16，红球：[2, 3, 10, 17, 20, 26]
期号：2021108，蓝球：9，红球：[11, 15, 18, 24, 26, 32]
期号：2021107，蓝球：1，红球：[2, 3, 17, 19, 25, 30]
期号：2021106，蓝球：3，红球：[1, 4, 7, 14, 30, 31]
期号：2021105，蓝球：9，红球：[10, 14, 15, 22, 27, 32]
期号：2021104，蓝球：15，红球：[1, 7, 17, 20, 22, 28]
期号：2021103，蓝球：15，红球：[10, 13, 15, 25, 29, 30]
期号：2021102，蓝球：9，红球：[5, 9, 15, 24, 27, 30]
期号：2021101，蓝球：1，红球：[2, 4, 12, 22, 29, 31]
期号：2021100，蓝球：16，红球：[7, 9, 12, 13, 14, 29]
期号：2021099，蓝球：15，红球：[9, 11, 17, 18, 20, 27]
期号：2021098，蓝球：5，红球：[1, 10, 13, 18, 26, 32]
期号：2021097，蓝球：12，红球：[3, 11, 12, 13, 25, 28]
期号：2021096，蓝球：11，红球：[1, 7, 11, 14, 15, 26]
期号：2021095，蓝球：13，红球：[8, 12, 17, 24, 27, 28]
期号：2021094，蓝球：15，红球：[9, 11, 24, 25, 28, 33]
期号：2021093，蓝球：3，红球：[5, 11, 15, 23, 28, 33]
期号：2021092，蓝球：3，红球：[2, 7, 8, 10, 12, 31]
期号：2021091，蓝球：16，红球：[4, 6, 16, 24, 26, 33]
期号：2021090，蓝球：8，红球：[5, 6, 12, 14, 27, 28]
期号：2021089，蓝球：12，红球：[1, 2, 7, 13, 23, 24]
期号：2021088，蓝球：6，红球：[4, 12, 15, 16, 19, 26]
期号：2021087，蓝球：4，红球：[2, 13, 16, 19, 23, 24]
期号：2021086，蓝球：1，红球：[6, 8, 10, 14, 28, 29]
期号：2021085，蓝球：2，红球：[5, 6, 7, 11, 14, 20]
期号：2021084，蓝球：1，红球：[5, 7, 9, 11, 21, 28]
期号：2021083，蓝球：4，红球：[4, 9, 11, 25, 28, 33]
期号：2021082，蓝球：5，红球：[3, 6, 11, 13, 26, 32]
期号：2021081，蓝球：1，红球：[1, 3, 5, 18, 22, 23]
期号：2021080，蓝球：9，红球：[5, 8, 22, 23, 24, 29]
期号：2021079，蓝球：13，红球：[1, 3, 10, 24, 28, 29]
期号：2021078，蓝球：12，红球：[4, 6, 15, 26, 27, 31]
期号：2021077，蓝球：10，红球：[8, 15, 17, 25, 27, 30]
期号：2021076，蓝球：6，红球：[3, 9, 21, 23, 30, 32]
期号：2021075，蓝球：1，红球：[12, 15, 16, 21, 22, 29]
期号：2021074，蓝球：7，红球：[4, 5, 9, 14, 25, 27]
期号：2021073，蓝球：8，红球：[1, 6, 18, 22, 24, 25]
期号：2021072，蓝球：15，红球：[1, 9, 15, 16, 19, 21]
期号：2021071，蓝球：8，红球：[1, 7, 24, 31, 32, 33]
期号：2021070，蓝球：15，红球：[1, 5, 11, 15, 16, 29]
期号：2021069，蓝球：5，红球：[6, 11, 18, 20, 23, 26]
期号：2021068，蓝球：15，红球：[4, 14, 18, 24, 31, 32]
期号：2021067，蓝球：9，红球：[1, 11, 19, 23, 25, 29]
期号：2021066，蓝球：15，红球：[2, 6, 19, 26, 30, 33]
期号：2021065，蓝球：16，红球：[1, 4, 8, 19, 29, 33]
期号：2021064，蓝球：16，红球：[4, 6, 8, 15, 16, 18]
期号：2021063，蓝球：9，红球：[4, 5, 6, 9, 23, 24]
期号：2021062，蓝球：10，红球：[12, 13, 15, 20, 22, 25]
期号：2021061，蓝球：1，红球：[4, 9, 12, 18, 20, 23]
期号：2021060，蓝球：15，红球：[10, 11, 17, 20, 29, 30]
期号：2021059，蓝球：14，红球：[1, 9, 11, 18, 32, 33]
期号：2021058，蓝球：14，红球：[9, 11, 13, 18, 19, 28]
期号：2021057，蓝球：16，红球：[5, 6, 9, 17, 25, 33]
期号：2021056，蓝球：1，红球：[8, 21, 22, 23, 29, 32]
期号：2021055，蓝球：10，红球：[3, 11, 12, 16, 22, 28]
期号：2021054，蓝球：2，红球：[7, 13, 21, 22, 24, 31]
期号：2021053，蓝球：16，红球：[7, 10, 14, 16, 24, 33]
期号：2021052，蓝球：14，红球：[3, 4, 6, 19, 21, 30]
期号：2021051，蓝球：15，红球：[8, 9, 10, 19, 27, 29]
期号：2021050，蓝球：8，红球：[2, 9, 10, 16, 25, 28]
期号：2021049，蓝球：1，红球：[4, 11, 13, 22, 25, 32]
期号：2021048，蓝球：3，红球：[4, 15, 17, 22, 29, 32]
期号：2021047，蓝球：1，红球：[3, 7, 13, 16, 24, 29]
期号：2021046，蓝球：6，红球：[5, 9, 13, 21, 28, 33]
期号：2021045，蓝球：2，红球：[1, 4, 14, 15, 17, 32]
期号：2021044，蓝球：13，红球：[5, 7, 14, 17, 26, 28]
期号：2021043，蓝球：1，红球：[2, 3, 17, 18, 23, 24]
期号：2021042，蓝球：8，红球：[5, 9, 10, 22, 25, 27]
期号：2021041，蓝球：14，红球：[2, 9, 18, 23, 26, 32]
期号：2021040，蓝球：16，红球：[2, 6, 7, 24, 28, 29]
期号：2021039，蓝球：13，红球：[2, 8, 21, 24, 29, 31]
期号：2021038，蓝球：6，红球：[5, 7, 9, 16, 18, 27]
期号：2021037，蓝球：12，红球：[13, 17, 19, 24, 26, 30]
期号：2021036，蓝球：11，红球：[1, 2, 6, 11, 21, 26]
期号：2021035，蓝球：11，红球：[12, 14, 18, 20, 26, 28]
期号：2021034，蓝球：1，红球：[4, 10, 12, 18, 23, 25]
期号：2021033，蓝球：6，红球：[2, 12, 13, 14, 31, 33]
期号：2021032，蓝球：3，红球：[1, 5, 8, 15, 16, 30]
期号：2021031，蓝球：7，红球：[6, 11, 21, 25, 28, 31]
期号：2021030，蓝球：5，红球：[8, 9, 13, 27, 29, 31]
期号：2021029，蓝球：12，红球：[8, 10, 15, 17, 22, 30]
期号：2021028，蓝球：5，红球：[11, 16, 23, 26, 27, 33]
期号：2021027，蓝球：8，红球：[5, 7, 9, 16, 20, 26]
期号：2021026，蓝球：3，红球：[3, 5, 13, 19, 20, 25]
期号：2021025，蓝球：11，红球：[6, 8, 14, 17, 18, 30]
期号：2021024，蓝球：2，红球：[1, 4, 6, 10, 11, 18]
期号：2021023，蓝球：11，红球：[2, 21, 22, 23, 27, 28]
期号：2021022，蓝球：6，红球：[10, 15, 17, 25, 31, 32]
期号：2021021，蓝球：13，红球：[4, 8, 17, 24, 28, 33]
期号：2021020，蓝球：2，红球：[1, 3, 6, 7, 9, 11]
期号：2021019，蓝球：8，红球：[12, 16, 17, 24, 28, 29]
期号：2021018，蓝球：6，红球：[2, 8, 14, 23, 25, 32]
期号：2021017，蓝球：2，红球：[9, 15, 18, 29, 32, 33]
期号：2021016，蓝球：10，红球：[3, 8, 9, 13, 15, 18]
期号：2021015，蓝球：7，红球：[6, 14, 16, 26, 28, 29]
期号：2021014，蓝球：6，红球：[4, 15, 21, 25, 29, 33]
期号：2021013，蓝球：6，红球：[6, 9, 12, 16, 27, 31]
期号：2021012，蓝球：1，红球：[3, 6, 14, 18, 20, 26]
期号：2021011，蓝球：14，红球：[5, 10, 16, 23, 27, 33]
期号：2021010，蓝球：5，红球：[1, 4, 11, 19, 32, 33]
期号：2021009，蓝球：13，红球：[2, 4, 7, 24, 25, 32]
期号：2021008，蓝球：7，红球：[1, 5, 7, 14, 18, 33]
期号：2021007，蓝球：16，红球：[2, 4, 12, 21, 25, 32]
期号：2021006，蓝球：1，红球：[6, 8, 22, 24, 25, 26]
期号：2021005，蓝球：4，红球：[7, 9, 14, 26, 30, 31]
期号：2021004，蓝球：15，红球：[2, 3, 7, 8, 17, 22]
期号：2021003，蓝球：11，红球：[6, 9, 16, 18, 22, 29]
期号：2021002，蓝球：11，红球：[6, 10, 13, 25, 26, 32]
期号：2021001，蓝球：11，红球：[2, 3, 13, 18, 20, 31]
期号：2020134，蓝球：1，红球：[2, 9, 10, 20, 22, 26]
期号：2020133，蓝球：7，红球：[3, 19, 22, 23, 27, 29]
期号：2020132，蓝球：4，红球：[1, 4, 11, 12, 14, 23]
期号：2020131，蓝球：7，红球：[8, 19, 22, 26, 27, 30]
期号：2020130，蓝球：16，红球：[8, 9, 11, 14, 17, 29]
期号：2020129，蓝球：4，红球：[1, 2, 5, 15, 28, 33]
期号：2020128，蓝球：10，红球：[8, 10, 15, 16, 23, 26]
期号：2020127，蓝球：7，红球：[1, 4, 18, 19, 26, 31]
期号：2020126，蓝球：11，红球：[3, 7, 12, 14, 23, 28]
期号：2020125，蓝球：13，红球：[5, 12, 16, 26, 30, 31]
期号：2020124，蓝球：12，红球：[16, 18, 19, 20, 29, 33]
期号：2020123，蓝球：3，红球：[1, 3, 18, 19, 26, 29]
期号：2020122，蓝球：15，红球：[12, 15, 17, 24, 26, 31]
期号：2020121，蓝球：3，红球：[2, 4, 6, 21, 25, 29]
期号：2020120，蓝球：12，红球：[1, 2, 3, 4, 9, 10]
期号：2020119，蓝球：15，红球：[1, 9, 22, 28, 32, 33]
期号：2020118，蓝球：5，红球：[11, 13, 19, 26, 30, 33]
期号：2020117，蓝球：7，红球：[7, 8, 9, 10, 16, 27]
期号：2020116，蓝球：10，红球：[5, 6, 14, 16, 19, 27]
期号：2020115，蓝球：2，红球：[1, 4, 12, 20, 25, 32]
期号：2020114，蓝球：3，红球：[1, 5, 11, 24, 30, 32]
期号：2020113，蓝球：11，红球：[1, 3, 7, 10, 22, 32]
期号：2020112，蓝球：5，红球：[2, 9, 12, 17, 28, 32]
期号：2020111，蓝球：16，红球：[6, 9, 17, 22, 24, 26]
期号：2020110，蓝球：4，红球：[2, 6, 9, 14, 22, 25]
期号：2020109，蓝球：13，红球：[6, 13, 16, 20, 23, 32]
期号：2020108，蓝球：5，红球：[10, 12, 15, 17, 23, 32]
期号：2020107，蓝球：16，红球：[3, 9, 11, 24, 25, 28]
期号：2020106，蓝球：10，红球：[2, 4, 11, 15, 18, 28]
期号：2020105，蓝球：1，红球：[6, 14, 19, 20, 22, 24]
期号：2020104，蓝球：9，红球：[4, 8, 10, 16, 27, 29]
期号：2020103，蓝球：8，红球：[4, 9, 10, 22, 28, 32]
期号：2020102，蓝球：8，红球：[9, 10, 19, 25, 26, 29]
期号：2020101，蓝球：15，红球：[10, 17, 24, 25, 28, 30]
期号：2020100，蓝球：7，红球：[1, 7, 15, 16, 20, 23]
期号：2020099，蓝球：12，红球：[5, 6, 11, 12, 15, 30]
期号：2020098，蓝球：2，红球：[6, 8, 11, 22, 25, 33]
期号：2020097，蓝球：10，红球：[2, 8, 21, 25, 26, 30]
期号：2020096，蓝球：15，红球：[1, 20, 23, 26, 27, 32]
期号：2020095，蓝球：2，红球：[3, 9, 16, 17, 20, 26]
期号：2020094，蓝球：8，红球：[10, 15, 17, 27, 29, 31]
期号：2020093，蓝球：15，红球：[4, 5, 10, 13, 15, 19]
期号：2020092，蓝球：3，红球：[1, 6, 12, 18, 22, 24]
期号：2020091，蓝球：16，红球：[1, 9, 11, 12, 16, 19]
期号：2020090，蓝球：6，红球：[2, 21, 23, 26, 31, 32]
期号：2020089，蓝球：10，红球：[2, 14, 16, 21, 29, 30]
期号：2020088，蓝球：12，红球：[1, 6, 12, 26, 29, 30]
期号：2020087，蓝球：10，红球：[11, 15, 20, 23, 25, 33]
期号：2020086，蓝球：6，红球：[2, 4, 6, 15, 24, 27]
期号：2020085，蓝球：16，红球：[1, 2, 5, 9, 19, 24]
期号：2020084，蓝球：7，红球：[3, 7, 16, 17, 23, 30]
期号：2020083，蓝球：12，红球：[1, 19, 25, 26, 30, 31]
期号：2020082，蓝球：9，红球：[2, 8, 11, 17, 21, 30]
期号：2020081，蓝球：15，红球：[1, 5, 13, 14, 27, 33]
期号：2020080，蓝球：1，红球：[14, 15, 18, 22, 31, 33]
期号：2020079，蓝球：14，红球：[5, 12, 20, 21, 22, 29]
期号：2020078，蓝球：4，红球：[3, 11, 14, 16, 21, 32]
期号：2020077，蓝球：12，红球：[3, 10, 16, 21, 25, 27]
期号：2020076，蓝球：6，红球：[10, 15, 16, 18, 20, 27]
期号：2020075，蓝球：16，红球：[3, 11, 13, 20, 24, 30]
期号：2020074，蓝球：12，红球：[4, 8, 9, 13, 19, 33]
期号：2020073，蓝球：3，红球：[5, 7, 11, 13, 27, 29]
期号：2020072，蓝球：4，红球：[6, 8, 10, 15, 17, 26]
期号：2020071，蓝球：8，红球：[9, 11, 12, 13, 22, 23]
期号：2020070，蓝球：15，红球：[1, 2, 4, 6, 19, 21]
期号：2020069，蓝球：4，红球：[3, 9, 10, 13, 18, 26]
期号：2020068，蓝球：10，红球：[12, 16, 21, 26, 27, 32]
期号：2020067，蓝球：8，红球：[4, 7, 9, 23, 27, 30]
期号：2020066，蓝球：7，红球：[2, 9, 13, 17, 26, 28]
期号：2020065，蓝球：8，红球：[9, 15, 18, 21, 23, 26]
期号：2020064，蓝球：1，红球：[1, 3, 7, 21, 27, 32]
期号：2020063，蓝球：14，红球：[12, 15, 16, 22, 29, 32]
期号：2020062，蓝球：5，红球：[10, 14, 17, 22, 26, 27]
期号：2020061，蓝球：4，红球：[8, 17, 24, 26, 27, 31]
期号：2020060，蓝球：8，红球：[5, 9, 14, 20, 24, 30]
期号：2020059，蓝球：14，红球：[2, 4, 10, 17, 22, 25]
期号：2020058，蓝球：7，红球：[1, 3, 11, 12, 19, 26]
期号：2020057，蓝球：3，红球：[9, 14, 21, 23, 26, 32]
期号：2020056，蓝球：14，红球：[2, 5, 8, 12, 26, 31]
期号：2020055，蓝球：12，红球：[1, 5, 7, 23, 28, 30]
期号：2020054，蓝球：2，红球：[3, 10, 19, 25, 26, 31]
期号：2020053，蓝球：1，红球：[2, 14, 15, 16, 32, 33]
期号：2020052，蓝球：15，红球：[2, 8, 13, 29, 32, 33]
期号：2020051，蓝球：8，红球：[3, 6, 8, 11, 19, 28]
期号：2020050，蓝球：15，红球：[4, 9, 17, 20, 32, 33]
期号：2020049，蓝球：4，红球：[1, 7, 9, 12, 18, 22]
期号：2020048，蓝球：2，红球：[12, 14, 18, 23, 30, 32]
期号：2020047，蓝球：1，红球：[4, 10, 17, 19, 28, 32]
期号：2020046，蓝球：8，红球：[13, 19, 25, 26, 27, 32]
期号：2020045，蓝球：16，红球：[2, 3, 15, 21, 22, 33]
期号：2020044，蓝球：7，红球：[7, 8, 16, 17, 19, 24]
期号：2020043，蓝球：7，红球：[1, 11, 24, 25, 27, 30]
期号：2020042，蓝球：3，红球：[2, 6, 7, 11, 14, 31]
期号：2020041，蓝球：13，红球：[6, 7, 16, 22, 24, 25]
期号：2020040，蓝球：4，红球：[1, 6, 12, 16, 19, 21]
期号：2020039，蓝球：2，红球：[2, 9, 10, 11, 16, 29]
期号：2020038，蓝球：15，红球：[1, 6, 7, 18, 23, 24]
期号：2020037，蓝球：15，红球：[1, 4, 11, 13, 17, 24]
期号：2020036，蓝球：6，红球：[7, 9, 16, 22, 24, 32]
期号：2020035，蓝球：11，红球：[10, 14, 24, 25, 28, 33]
期号：2020034，蓝球：3，红球：[2, 8, 15, 16, 26, 32]
期号：2020033，蓝球：1，红球：[7, 10, 12, 21, 31, 32]
期号：2020032，蓝球：13，红球：[3, 11, 13, 14, 15, 26]
期号：2020031，蓝球：9，红球：[2, 5, 9, 15, 16, 27]
期号：2020030，蓝球：3，红球：[17, 18, 21, 29, 30, 32]
期号：2020029，蓝球：5，红球：[1, 12, 18, 20, 30, 32]
期号：2020028，蓝球：8，红球：[5, 6, 15, 18, 26, 32]
期号：2020027，蓝球：6，红球：[12, 13, 14, 24, 25, 28]
期号：2020026，蓝球：6，红球：[1, 4, 9, 18, 19, 31]
期号：2020025，蓝球：2，红球：[1, 9, 10, 15, 20, 29]
期号：2020024，蓝球：8，红球：[10, 13, 27, 28, 29, 31]
期号：2020023，蓝球：8，红球：[4, 5, 20, 21, 30, 33]
期号：2020022，蓝球：2，红球：[2, 10, 20, 22, 25, 30]
期号：2020021，蓝球：7，红球：[2, 6, 14, 16, 27, 31]
期号：2020020，蓝球：14，红球：[1, 6, 9, 13, 15, 22]
期号：2020019，蓝球：3，红球：[15, 19, 27, 28, 30, 33]
期号：2020018，蓝球：13，红球：[5, 7, 8, 11, 17, 22]
期号：2020017，蓝球：4，红球：[2, 4, 7, 15, 20, 27]
期号：2020016，蓝球：7，红球：[5, 6, 8, 17, 24, 27]
期号：2020015，蓝球：1，红球：[8, 9, 22, 24, 30, 33]
期号：2020014，蓝球：7，红球：[2, 7, 8, 10, 12, 16]
期号：2020013，蓝球：14，红球：[2, 8, 10, 20, 21, 30]
期号：2020012，蓝球：9，红球：[4, 13, 14, 23, 26, 31]
期号：2020011，蓝球：1，红球：[4, 5, 7, 17, 18, 29]
期号：2020010，蓝球：9，红球：[11, 14, 22, 27, 31, 32]
期号：2020009，蓝球：12，红球：[3, 6, 8, 14, 19, 26]
期号：2020008，蓝球：16，红球：[1, 4, 6, 10, 11, 28]
期号：2020007，蓝球：10，红球：[5, 12, 17, 20, 25, 31]
期号：2020006，蓝球：9，红球：[3, 4, 5, 10, 16, 32]
期号：2020005，蓝球：4，红球：[11, 16, 17, 22, 26, 32]
期号：2020004，蓝球：3，红球：[2, 15, 17, 27, 32, 33]
期号：2020003，蓝球：3，红球：[9, 17, 26, 29, 30, 32]
期号：2020002，蓝球：11，红球：[4, 9, 14, 15, 16, 29]
期号：2020001，蓝球：2，红球：[2, 15, 23, 26, 29, 30]
期号：2019151，蓝球：14，红球：[2, 6, 9, 18, 24, 26]
期号：2019150，蓝球：2，红球：[2, 9, 14, 22, 27, 29]
期号：2019149，蓝球：7，红球：[1, 6, 27, 28, 31, 33]
期号：2019148，蓝球：8，红球：[9, 10, 13, 20, 26, 27]
期号：2019147，蓝球：12，红球：[1, 9, 12, 14, 23, 27]
期号：2019146，蓝球：14，红球：[1, 4, 10, 12, 30, 32]
期号：2019145，蓝球：16，红球：[1, 8, 13, 17, 18, 19]
期号：2019144，蓝球：3，红球：[2, 12, 15, 19, 27, 30]
期号：2019143，蓝球：9，红球：[5, 13, 15, 16, 26, 32]
期号：2019142，蓝球：9，红球：[8, 14, 24, 27, 29, 33]
期号：2019141，蓝球：14，红球：[10, 13, 14, 15, 17, 33]
期号：2019140，蓝球：5，红球：[2, 4, 9, 11, 14, 22]
期号：2019139，蓝球：11，红球：[8, 14, 20, 23, 30, 33]
期号：2019138，蓝球：11，红球：[2, 6, 12, 30, 31, 32]
期号：2019137，蓝球：6，红球：[7, 10, 13, 19, 23, 31]
期号：2019136，蓝球：12，红球：[12, 14, 15, 17, 29, 33]
期号：2019135，蓝球：3，红球：[3, 6, 10, 11, 27, 33]
期号：2019134，蓝球：3，红球：[1, 4, 6, 22, 29, 30]
期号：2019133，蓝球：7，红球：[3, 7, 16, 21, 24, 31]
期号：2019132，蓝球：7，红球：[4, 6, 11, 14, 19, 33]
期号：2019131，蓝球：4，红球：[9, 17, 19, 20, 24, 31]
期号：2019130，蓝球：16，红球：[1, 7, 9, 11, 24, 32]
期号：2019129，蓝球：7，红球：[3, 4, 7, 9, 15, 26]
期号：2019128，蓝球：8，红球：[3, 8, 12, 16, 17, 19]
期号：2019127，蓝球：10，红球：[2, 6, 7, 12, 17, 24]
期号：2019126，蓝球：16，红球：[2, 14, 17, 29, 32, 33]
期号：2019125，蓝球：3，红球：[2, 11, 12, 26, 27, 29]
期号：2019124，蓝球：1，红球：[4, 9, 30, 31, 32, 33]
期号：2019123，蓝球：6，红球：[2, 6, 8, 17, 28, 30]
期号：2019122，蓝球：2，红球：[4, 10, 15, 19, 21, 23]
期号：2019121，蓝球：2，红球：[2, 6, 15, 21, 30, 31]
期号：2019120，蓝球：3，红球：[10, 12, 27, 31, 32, 33]
期号：2019119，蓝球：7，红球：[4, 20, 22, 24, 26, 33]
期号：2019118，蓝球：4，红球：[12, 14, 15, 25, 28, 31]
期号：2019117，蓝球：1，红球：[3, 5, 11, 28, 32, 33]
期号：2019116，蓝球：1，红球：[1, 8, 9, 13, 16, 33]
期号：2019115，蓝球：5，红球：[4, 10, 11, 14, 15, 29]
期号：2019114，蓝球：1，红球：[2, 4, 9, 11, 12, 30]
期号：2019113，蓝球：15，红球：[1, 5, 19, 21, 25, 33]
期号：2019112，蓝球：1，红球：[3, 12, 14, 17, 23, 27]
期号：2019111，蓝球：1，红球：[7, 18, 20, 22, 24, 33]
期号：2019110，蓝球：8，红球：[1, 18, 22, 26, 27, 28]
期号：2019109，蓝球：10，红球：[3, 6, 7, 17, 28, 31]
期号：2019108，蓝球：13，红球：[7, 13, 19, 22, 25, 32]
期号：2019107，蓝球：2，红球：[2, 6, 8, 23, 27, 32]
期号：2019106，蓝球：14，红球：[2, 14, 22, 27, 30, 33]
期号：2019105，蓝球：1，红球：[2, 13, 15, 17, 26, 33]
期号：2019104，蓝球：10，红球：[1, 5, 16, 17, 18, 24]
期号：2019103，蓝球：12，红球：[4, 12, 14, 21, 27, 29]
期号：2019102，蓝球：12，红球：[3, 8, 12, 16, 20, 32]
期号：2019101，蓝球：5，红球：[1, 4, 9, 21, 31, 33]
期号：2019100，蓝球：8，红球：[1, 4, 12, 13, 30, 32]
期号：2019099，蓝球：8，红球：[7, 14, 22, 23, 27, 30]
期号：2019098，蓝球：9，红球：[3, 11, 12, 14, 17, 26]
期号：2019097，蓝球：9，红球：[3, 5, 18, 24, 25, 31]
期号：2019096，蓝球：11，红球：[5, 7, 12, 18, 27, 32]
期号：2019095，蓝球：1，红球：[2, 5, 14, 19, 21, 28]
期号：2019094，蓝球：6，红球：[5, 10, 12, 18, 19, 27]
期号：2019093，蓝球：2，红球：[5, 7, 8, 9, 20, 22]
期号：2019092，蓝球：8，红球：[9, 17, 27, 28, 32, 33]
期号：2019091，蓝球：11，红球：[7, 10, 21, 24, 29, 32]
期号：2019090，蓝球：4，红球：[2, 3, 6, 8, 14, 22]
期号：2019089，蓝球：11，红球：[2, 4, 14, 16, 20, 22]
期号：2019088，蓝球：13，红球：[13, 14, 15, 21, 23, 29]
期号：2019087，蓝球：4，红球：[4, 5, 7, 9, 21, 30]
期号：2019086，蓝球：6，红球：[16, 22, 24, 26, 28, 31]
期号：2019085，蓝球：4，红球：[1, 4, 14, 18, 24, 29]
期号：2019084，蓝球：3，红球：[4, 8, 14, 18, 20, 27]
期号：2019083，蓝球：3，红球：[6, 15, 17, 26, 28, 31]
期号：2019082，蓝球：2，红球：[7, 16, 19, 22, 24, 28]
期号：2019081，蓝球：10，红球：[5, 24, 27, 29, 31, 32]
期号：2019080，蓝球：7，红球：[3, 6, 8, 20, 24, 32]
期号：2019079，蓝球：16，红球：[1, 3, 6, 9, 19, 31]
期号：2019078，蓝球：12，红球：[1, 17, 27, 29, 31, 33]
期号：2019077，蓝球：15，红球：[9, 11, 13, 18, 21, 22]
期号：2019076，蓝球：14，红球：[12, 15, 19, 20, 29, 32]
期号：2019075，蓝球：3，红球：[5, 8, 20, 22, 31, 33]
期号：2019074，蓝球：4，红球：[12, 21, 27, 29, 31, 33]
期号：2019073，蓝球：8，红球：[1, 2, 6, 12, 16, 18]
期号：2019072，蓝球：15，红球：[2, 9, 13, 15, 22, 30]
期号：2019071，蓝球：4，红球：[1, 8, 19, 24, 29, 30]
期号：2019070，蓝球：9，红球：[6, 15, 18, 19, 24, 32]
期号：2019069，蓝球：1，红球：[6, 11, 16, 19, 21, 25]
期号：2019068，蓝球：10，红球：[3, 14, 20, 24, 26, 33]
期号：2019067，蓝球：11，红球：[4, 6, 8, 11, 30, 33]
期号：2019066，蓝球：4，红球：[1, 14, 17, 20, 22, 32]
期号：2019065，蓝球：10，红球：[6, 9, 11, 15, 20, 26]
期号：2019064，蓝球：12，红球：[12, 20, 24, 25, 30, 33]
期号：2019063，蓝球：16，红球：[1, 14, 19, 22, 29, 31]
期号：2019062，蓝球：1，红球：[7, 13, 16, 23, 26, 30]
期号：2019061，蓝球：12，红球：[3, 17, 19, 24, 27, 31]
期号：2019060，蓝球：1，红球：[3, 4, 14, 20, 23, 27]
期号：2019059，蓝球：6，红球：[4, 5, 7, 9, 16, 18]
期号：2019058，蓝球：12，红球：[7, 8, 12, 21, 23, 27]
期号：2019057，蓝球：16，红球：[4, 5, 6, 8, 13, 18]
期号：2019056，蓝球：1，红球：[13, 14, 17, 19, 21, 29]
期号：2019055，蓝球：10，红球：[1, 6, 11, 15, 19, 31]
期号：2019054，蓝球：11，红球：[7, 10, 11, 15, 24, 26]
期号：2019053，蓝球：8，红球：[4, 16, 22, 25, 29, 31]
期号：2019052，蓝球：16，红球：[3, 6, 9, 13, 16, 19]
期号：2019051，蓝球：9，红球：[8, 9, 10, 13, 15, 28]
期号：2019050，蓝球：2，红球：[4, 6, 10, 11, 21, 23]
期号：2019049，蓝球：15，红球：[3, 10, 13, 22, 23, 28]
期号：2019048，蓝球：10，红球：[3, 7, 10, 12, 18, 29]
期号：2019047，蓝球：14，红球：[3, 11, 18, 25, 30, 33]
期号：2019046，蓝球：6，红球：[2, 12, 16, 22, 25, 32]
期号：2019045，蓝球：14，红球：[1, 6, 17, 19, 27, 31]
期号：2019044，蓝球：7，红球：[6, 14, 16, 17, 23, 29]
期号：2019043，蓝球：13，红球：[1, 6, 12, 13, 24, 32]
期号：2019042，蓝球：4，红球：[15, 17, 19, 22, 25, 26]
期号：2019041，蓝球：16，红球：[2, 9, 13, 23, 24, 26]
期号：2019040，蓝球：11，红球：[5, 6, 9, 18, 23, 31]
期号：2019039，蓝球：8，红球：[6, 7, 11, 14, 27, 32]
期号：2019038，蓝球：5，红球：[9, 12, 21, 27, 29, 30]
期号：2019037，蓝球：10，红球：[1, 7, 12, 14, 18, 25]
期号：2019036，蓝球：8，红球：[2, 10, 13, 16, 23, 32]
期号：2019035，蓝球：16，红球：[1, 5, 7, 9, 10, 20]
期号：2019034，蓝球：3，红球：[9, 11, 15, 22, 24, 26]
期号：2019033，蓝球：15，红球：[9, 15, 19, 21, 23, 29]
期号：2019032，蓝球：4，红球：[4, 8, 9, 13, 28, 33]
期号：2019031，蓝球：16，红球：[3, 13, 15, 18, 21, 33]
期号：2019030，蓝球：16，红球：[4, 5, 7, 10, 12, 22]
期号：2019029，蓝球：10，红球：[8, 11, 17, 23, 32, 33]
期号：2019028，蓝球：11，红球：[4, 19, 22, 26, 29, 30]
期号：2019027，蓝球：13，红球：[2, 6, 8, 10, 11, 17]
期号：2019026，蓝球：14，红球：[3, 13, 15, 19, 20, 27]
期号：2019025，蓝球：4，红球：[15, 16, 21, 27, 30, 33]
期号：2019024，蓝球：10，红球：[1, 8, 23, 25, 28, 29]
期号：2019023，蓝球：13，红球：[1, 10, 14, 15, 18, 31]
期号：2019022，蓝球：7，红球：[3, 7, 11, 21, 30, 33]
期号：2019021，蓝球：4，红球：[2, 5, 7, 8, 20, 27]
期号：2019020，蓝球：12，红球：[2, 12, 13, 23, 27, 28]
期号：2019019，蓝球：6，红球：[3, 11, 17, 18, 24, 25]
期号：2019018，蓝球：4，红球：[4, 11, 18, 19, 26, 32]
期号：2019017，蓝球：9，红球：[4, 5, 24, 28, 30, 33]
期号：2019016，蓝球：5，红球：[5, 7, 9, 11, 19, 25]
期号：2019015，蓝球：4，红球：[11, 15, 16, 20, 24, 31]
期号：2019014，蓝球：3，红球：[1, 2, 3, 14, 19, 33]
期号：2019013，蓝球：1，红球：[5, 7, 14, 16, 18, 21]
期号：2019012，蓝球：14，红球：[7, 10, 21, 23, 31, 33]
期号：2019011，蓝球：7，红球：[10, 13, 19, 21, 24, 30]
期号：2019010，蓝球：2，红球：[2, 4, 5, 8, 11, 30]
期号：2019009，蓝球：15，红球：[1, 7, 10, 22, 31, 32]
期号：2019008，蓝球：12，红球：[2, 6, 9, 13, 28, 32]
期号：2019007，蓝球：15，红球：[6, 10, 14, 15, 19, 23]
期号：2019006，蓝球：12，红球：[1, 5, 10, 19, 26, 28]
期号：2019005，蓝球：7，红球：[21, 22, 26, 28, 31, 32]
期号：2019004，蓝球：3，红球：[8, 12, 16, 19, 26, 32]
期号：2019003，蓝球：1，红球：[13, 17, 20, 21, 22, 27]
期号：2019002，蓝球：11，红球：[4, 5, 6, 8, 9, 18]
期号：2019001，蓝球：15，红球：[6, 10, 13, 15, 32, 33]
期号：2018153，蓝球：11，红球：[1, 7, 17, 23, 25, 31]
期号：2018152，蓝球：3，红球：[4, 14, 16, 23, 28, 29]
期号：2018151，蓝球：15，红球：[5, 15, 19, 25, 26, 29]
期号：2018150，蓝球：5，红球：[6, 8, 15, 19, 20, 31]
期号：2018149，蓝球：1，红球：[1, 7, 8, 10, 12, 24]
期号：2018148，蓝球：1，红球：[3, 6, 18, 19, 21, 31]
期号：2018147，蓝球：11，红球：[3, 15, 17, 23, 27, 30]
期号：2018146，蓝球：16，红球：[2, 10, 11, 17, 18, 29]
期号：2018145，蓝球：6，红球：[3, 9, 13, 22, 23, 25]
期号：2018144，蓝球：13，红球：[8, 13, 17, 18, 20, 27]
期号：2018143，蓝球：14，红球：[4, 6, 15, 28, 32, 33]
期号：2018142，蓝球：11，红球：[5, 8, 10, 11, 27, 28]
期号：2018141，蓝球：4，红球：[11, 14, 16, 18, 24, 33]
期号：2018140，蓝球：14，红球：[1, 15, 20, 22, 25, 28]
期号：2018139，蓝球：15，红球：[11, 18, 20, 23, 31, 32]
期号：2018138，蓝球：9，红球：[1, 10, 25, 27, 30, 32]
期号：2018137，蓝球：9，红球：[3, 5, 11, 15, 20, 23]
期号：2018136，蓝球：14，红球：[10, 12, 15, 25, 26, 27]
期号：2018135，蓝球：16，红球：[1, 3, 6, 10, 11, 29]
期号：2018134，蓝球：12，红球：[3, 16, 18, 31, 32, 33]
期号：2018133，蓝球：13，红球：[2, 4, 11, 12, 18, 32]
期号：2018132，蓝球：6，红球：[1, 2, 9, 10, 15, 22]
期号：2018131，蓝球：1，红球：[21, 22, 24, 31, 32, 33]
期号：2018130，蓝球：12，红球：[5, 12, 17, 18, 24, 28]
期号：2018129，蓝球：16，红球：[2, 4, 6, 16, 18, 19]
期号：2018128，蓝球：2，红球：[6, 7, 8, 19, 22, 23]
期号：2018127，蓝球：12，红球：[2, 5, 6, 7, 11, 15]
期号：2018126，蓝球：5，红球：[1, 6, 8, 9, 14, 22]
期号：2018125，蓝球：2，红球：[3, 10, 11, 14, 15, 32]
期号：2018124，蓝球：2，红球：[9, 13, 14, 19, 22, 25]
期号：2018123，蓝球：1，红球：[13, 21, 24, 27, 31, 32]
期号：2018122，蓝球：10，红球：[5, 7, 20, 22, 30, 32]
期号：2018121，蓝球：11，红球：[6, 8, 14, 19, 23, 25]
期号：2018120，蓝球：1，红球：[3, 4, 18, 26, 27, 33]
期号：2018119，蓝球：12，红球：[3, 13, 14, 16, 25, 27]
期号：2018118，蓝球：9，红球：[8, 12, 21, 22, 27, 31]
期号：2018117，蓝球：5，红球：[8, 11, 15, 17, 23, 25]
期号：2018116，蓝球：15，红球：[5, 14, 17, 22, 23, 28]
期号：2018115，蓝球：11，红球：[1, 13, 19, 24, 26, 29]
期号：2018114，蓝球：14，红球：[1, 7, 15, 16, 20, 27]
期号：2018113，蓝球：9，红球：[1, 6, 9, 16, 25, 26]
期号：2018112，蓝球：4，红球：[5, 8, 18, 25, 26, 31]
期号：2018111，蓝球：8，红球：[1, 7, 14, 24, 25, 28]
期号：2018110，蓝球：2，红球：[11, 13, 16, 21, 22, 23]
期号：2018109，蓝球：15，红球：[10, 11, 18, 23, 31, 33]
期号：2018108，蓝球：2，红球：[5, 13, 18, 21, 26, 30]
期号：2018107，蓝球：1，红球：[1, 2, 5, 12, 20, 22]
期号：2018106，蓝球：10，红球：[4, 18, 19, 24, 25, 26]
期号：2018105，蓝球：1，红球：[4, 5, 13, 18, 19, 25]
期号：2018104，蓝球：1，红球：[2, 3, 6, 19, 25, 29]
期号：2018103，蓝球：16，红球：[2, 9, 15, 22, 23, 24]
期号：2018102，蓝球：5，红球：[2, 6, 11, 19, 21, 28]
期号：2018101，蓝球：9，红球：[1, 3, 14, 26, 29, 33]
期号：2018100，蓝球：2，红球：[2, 11, 14, 15, 29, 33]
期号：2018099，蓝球：6，红球：[3, 7, 8, 14, 25, 32]
期号：2018098，蓝球：13，红球：[6, 10, 11, 20, 29, 32]
期号：2018097，蓝球：13，红球：[1, 2, 17, 20, 25, 28]
期号：2018096，蓝球：12，红球：[1, 5, 9, 20, 28, 32]
期号：2018095，蓝球：9，红球：[10, 11, 12, 21, 26, 33]
期号：2018094，蓝球：5，红球：[4, 7, 16, 20, 24, 30]
期号：2018093，蓝球：7，红球：[4, 18, 20, 21, 29, 33]
期号：2018092，蓝球：16，红球：[6, 10, 16, 19, 24, 33]
期号：2018091，蓝球：7，红球：[6, 11, 13, 17, 25, 32]
期号：2018090，蓝球：7，红球：[1, 2, 4, 10, 14, 23]
期号：2018089，蓝球：14，红球：[6, 9, 12, 14, 18, 27]
期号：2018088，蓝球：14，红球：[3, 5, 12, 29, 30, 32]
期号：2018087，蓝球：3，红球：[1, 5, 10, 16, 18, 31]
期号：2018086，蓝球：16，红球：[2, 7, 17, 21, 23, 26]
期号：2018085，蓝球：6，红球：[4, 10, 25, 26, 30, 33]
期号：2018084，蓝球：3，红球：[5, 6, 8, 12, 22, 24]
期号：2018083，蓝球：3，红球：[4, 9, 18, 21, 32, 33]
期号：2018082，蓝球：9，红球：[6, 12, 14, 20, 22, 24]
期号：2018081，蓝球：3，红球：[1, 2, 12, 16, 20, 26]
期号：2018080，蓝球：3，红球：[4, 7, 13, 20, 29, 33]
期号：2018079，蓝球：13，红球：[14, 15, 17, 22, 24, 29]
期号：2018078，蓝球：12，红球：[3, 10, 14, 17, 18, 30]
期号：2018077，蓝球：10，红球：[2, 5, 9, 15, 20, 24]
期号：2018076，蓝球：13，红球：[3, 7, 8, 15, 29, 30]
期号：2018075，蓝球：11，红球：[7, 9, 12, 13, 22, 24]
期号：2018074，蓝球：9，红球：[9, 11, 14, 20, 27, 30]
期号：2018073，蓝球：10，红球：[2, 9, 14, 15, 16, 23]
期号：2018072，蓝球：8，红球：[11, 16, 19, 22, 25, 30]
期号：2018071，蓝球：3，红球：[2, 5, 6, 13, 16, 19]
期号：2018070，蓝球：10，红球：[4, 9, 15, 16, 19, 27]
期号：2018069，蓝球：12，红球：[6, 13, 17, 19, 23, 31]
期号：2018068，蓝球：1，红球：[8, 10, 17, 20, 27, 30]
期号：2018067，蓝球：5，红球：[1, 4, 9, 12, 15, 18]
期号：2018066，蓝球：10，红球：[9, 16, 17, 19, 22, 26]
期号：2018065，蓝球：1，红球：[1, 4, 6, 14, 28, 33]
期号：2018064，蓝球：5，红球：[2, 5, 10, 11, 17, 21]
期号：2018063，蓝球：12，红球：[5, 6, 10, 16, 20, 25]
期号：2018062，蓝球：11，红球：[2, 18, 19, 24, 25, 33]
期号：2018061，蓝球：7，红球：[9, 10, 11, 12, 18, 23]
期号：2018060，蓝球：10，红球：[4, 8, 13, 25, 30, 31]
期号：2018059，蓝球：11，红球：[4, 6, 8, 13, 22, 32]
期号：2018058，蓝球：7，红球：[7, 12, 13, 16, 26, 31]
期号：2018057，蓝球：13，红球：[5, 15, 17, 19, 20, 30]
期号：2018056，蓝球：1，红球：[1, 3, 6, 20, 21, 26]
期号：2018055，蓝球：7，红球：[7, 9, 10, 12, 22, 26]
期号：2018054，蓝球：16，红球：[4, 6, 18, 22, 25, 33]
期号：2018053，蓝球：6，红球：[1, 4, 10, 11, 14, 27]
期号：2018052，蓝球：14，红球：[3, 5, 6, 9, 15, 32]
期号：2018051，蓝球：4，红球：[5, 7, 20, 23, 27, 31]
期号：2018050，蓝球：7，红球：[1, 2, 4, 10, 18, 19]
期号：2018049，蓝球：2，红球：[1, 3, 4, 11, 19, 23]
期号：2018048，蓝球：2，红球：[1, 12, 20, 25, 30, 31]
期号：2018047，蓝球：7，红球：[6, 7, 12, 16, 22, 25]
期号：2018046，蓝球：3，红球：[10, 13, 14, 18, 20, 31]
期号：2018045，蓝球：1，红球：[3, 4, 6, 25, 26, 30]
期号：2018044，蓝球：6，红球：[5, 9, 12, 17, 27, 30]
期号：2018043，蓝球：7，红球：[1, 4, 6, 8, 21, 24]
期号：2018042，蓝球：12，红球：[6, 10, 21, 28, 29, 31]
期号：2018041，蓝球：13，红球：[7, 8, 20, 23, 24, 32]
期号：2018040，蓝球：16，红球：[1, 3, 8, 13, 18, 23]
期号：2018039，蓝球：3，红球：[8, 12, 18, 19, 23, 32]
期号：2018038，蓝球：9，红球：[15, 23, 24, 25, 28, 29]
期号：2018037，蓝球：10，红球：[1, 6, 7, 8, 27, 30]
期号：2018036，蓝球：4，红球：[8, 17, 24, 26, 28, 33]
期号：2018035，蓝球：15，红球：[7, 10, 11, 17, 23, 28]
期号：2018034，蓝球：15，红球：[1, 5, 11, 22, 23, 26]
期号：2018033，蓝球：6，红球：[4, 19, 20, 22, 28, 33]
期号：2018032，蓝球：6，红球：[21, 22, 23, 24, 25, 32]
期号：2018031，蓝球：14，红球：[2, 16, 18, 19, 27, 30]
期号：2018030，蓝球：7，红球：[13, 14, 20, 21, 25, 33]
期号：2018029，蓝球：5，红球：[1, 2, 9, 14, 22, 25]
期号：2018028，蓝球：16，红球：[3, 8, 11, 14, 18, 23]
期号：2018027，蓝球：5，红球：[2, 7, 9, 14, 18, 28]
期号：2018026，蓝球：4，红球：[4, 7, 12, 14, 26, 32]
期号：2018025，蓝球：14，红球：[4, 13, 16, 19, 21, 25]
期号：2018024，蓝球：2，红球：[11, 19, 22, 26, 31, 32]
期号：2018023，蓝球：16，红球：[12, 15, 16, 21, 26, 29]
期号：2018022，蓝球：3，红球：[7, 14, 19, 21, 22, 23]
期号：2018021，蓝球：14，红球：[3, 4, 6, 11, 23, 28]
期号：2018020，蓝球：5，红球：[6, 9, 10, 14, 28, 30]
期号：2018019，蓝球：9，红球：[3, 11, 12, 16, 21, 23]
期号：2018018，蓝球：7，红球：[2, 12, 13, 18, 25, 27]
期号：2018017，蓝球：12，红球：[3, 6, 11, 26, 30, 32]
期号：2018016，蓝球：16，红球：[1, 11, 12, 18, 25, 27]
期号：2018015，蓝球：15，红球：[11, 15, 20, 21, 26, 33]
期号：2018014，蓝球：7，红球：[9, 12, 20, 24, 28, 31]
期号：2018013，蓝球：6，红球：[6, 8, 13, 15, 22, 33]
期号：2018012，蓝球：12，红球：[11, 12, 13, 19, 26, 28]
期号：2018011，蓝球：11，红球：[3, 10, 21, 23, 27, 33]
期号：2018010，蓝球：3，红球：[1, 8, 17, 20, 21, 22]
期号：2018009，蓝球：7，红球：[5, 10, 17, 23, 26, 32]
期号：2018008，蓝球：13，红球：[5, 9, 10, 12, 17, 19]
期号：2018007，蓝球：12，红球：[13, 14, 20, 25, 27, 31]
期号：2018006，蓝球：11，红球：[2, 7, 8, 9, 17, 29]
期号：2018005，蓝球：6，红球：[2, 20, 21, 28, 31, 33]
期号：2018004，蓝球：11，红球：[14, 18, 19, 26, 30, 31]
期号：2018003，蓝球：4，红球：[1, 14, 16, 17, 20, 31]
期号：2018002，蓝球：16，红球：[7, 18, 24, 29, 31, 33]
期号：2018001，蓝球：4，红球：[1, 8, 11, 26, 28, 31]
期号：2017154，蓝球：5，红球：[5, 9, 13, 15, 18, 26]
期号：2017153，蓝球：16，红球：[7, 11, 12, 13, 18, 19]
期号：2017152，蓝球：5，红球：[6, 10, 23, 25, 26, 29]
期号：2017151，蓝球：16，红球：[2, 5, 7, 9, 11, 27]
期号：2017150，蓝球：8，红球：[6, 14, 19, 20, 21, 23]
期号：2017149，蓝球：13，红球：[5, 8, 15, 20, 27, 30]
期号：2017148，蓝球：12，红球：[4, 7, 11, 14, 29, 32]
期号：2017147，蓝球：14，红球：[3, 7, 20, 21, 25, 31]
期号：2017146，蓝球：10，红球：[1, 19, 25, 26, 27, 33]
期号：2017145，蓝球：12，红球：[2, 6, 12, 17, 25, 28]
期号：2017144，蓝球：9，红球：[3, 14, 16, 20, 31, 32]
期号：2017143，蓝球：14，红球：[4, 6, 9, 14, 20, 29]
期号：2017142，蓝球：6，红球：[8, 13, 14, 18, 23, 33]
期号：2017141，蓝球：5，红球：[1, 6, 7, 11, 13, 15]
期号：2017140，蓝球：8，红球：[21, 22, 25, 28, 29, 30]
期号：2017139，蓝球：16，红球：[2, 14, 20, 24, 28, 32]
期号：2017138，蓝球：2，红球：[1, 17, 24, 28, 32, 33]
期号：2017137，蓝球：3，红球：[5, 10, 20, 23, 26, 31]
期号：2017136，蓝球：12，红球：[3, 7, 10, 18, 21, 24]
期号：2017135，蓝球：16，红球：[1, 6, 7, 14, 18, 26]
期号：2017134，蓝球：4，红球：[4, 5, 11, 14, 28, 32]
期号：2017133，蓝球：11，红球：[6, 15, 17, 18, 23, 30]
期号：2017132，蓝球：11，红球：[2, 3, 5, 9, 13, 28]
期号：2017131，蓝球：11，红球：[1, 7, 10, 11, 26, 27]
期号：2017130，蓝球：2，红球：[5, 13, 14, 23, 25, 31]
期号：2017129，蓝球：2，红球：[5, 6, 9, 14, 21, 33]
期号：2017128，蓝球：8，红球：[2, 6, 13, 22, 29, 31]
期号：2017127，蓝球：12，红球：[14, 15, 21, 24, 27, 32]
期号：2017126，蓝球：16，红球：[1, 16, 17, 21, 27, 30]
期号：2017125，蓝球：3，红球：[1, 14, 23, 25, 29, 30]
期号：2017124，蓝球：3，红球：[2, 6, 11, 26, 28, 29]
期号：2017123，蓝球：10，红球：[4, 5, 6, 11, 21, 31]
期号：2017122，蓝球：15，红球：[11, 20, 21, 22, 24, 27]
期号：2017121，蓝球：7，红球：[11, 18, 19, 22, 24, 32]
期号：2017120，蓝球：16，红球：[8, 10, 15, 19, 23, 28]
期号：2017119，蓝球：14，红球：[9, 16, 21, 25, 26, 31]
期号：2017118，蓝球：16，红球：[8, 9, 15, 22, 30, 33]
期号：2017117，蓝球：9，红球：[1, 2, 8, 11, 14, 21]
期号：2017116，蓝球：2，红球：[2, 14, 20, 22, 30, 32]
期号：2017115，蓝球：1，红球：[4, 10, 11, 25, 30, 31]
期号：2017114，蓝球：13，红球：[6, 12, 13, 15, 18, 26]
期号：2017113，蓝球：5，红球：[4, 6, 16, 27, 29, 33]
期号：2017112，蓝球：11，红球：[3, 10, 14, 16, 22, 23]
期号：2017111，蓝球：12，红球：[5, 10, 17, 19, 29, 32]
期号：2017110，蓝球：14，红球：[1, 3, 12, 15, 19, 23]
期号：2017109，蓝球：16，红球：[8, 14, 16, 18, 21, 23]
期号：2017108，蓝球：1，红球：[7, 12, 14, 15, 17, 20]
期号：2017107，蓝球：6，红球：[8, 9, 15, 17, 30, 32]
期号：2017106，蓝球：2，红球：[12, 15, 20, 25, 27, 31]
期号：2017105，蓝球：7，红球：[3, 6, 7, 12, 25, 26]
期号：2017104，蓝球：14，红球：[1, 14, 15, 20, 23, 30]
期号：2017103，蓝球：1，红球：[1, 21, 23, 25, 31, 33]
期号：2017102，蓝球：11，红球：[4, 8, 10, 14, 18, 20]
期号：2017101，蓝球：16，红球：[1, 4, 11, 28, 31, 32]
期号：2017100，蓝球：2，红球：[4, 7, 8, 18, 23, 24]
期号：2017099，蓝球：4，红球：[2, 5, 6, 16, 28, 29]
期号：2017098，蓝球：1，红球：[4, 19, 22, 27, 30, 33]
期号：2017097，蓝球：3，红球：[5, 10, 18, 19, 30, 31]
期号：2017096，蓝球：6，红球：[2, 6, 11, 12, 19, 29]
期号：2017095，蓝球：16，红球：[9, 10, 12, 19, 22, 29]
期号：2017094，蓝球：6，红球：[8, 11, 13, 19, 28, 31]
期号：2017093，蓝球：12，红球：[7, 8, 9, 15, 22, 27]
期号：2017092，蓝球：9，红球：[10, 18, 19, 29, 32, 33]
期号：2017091，蓝球：3，红球：[5, 7, 10, 23, 28, 29]
期号：2017090，蓝球：9，红球：[1, 7, 10, 16, 22, 33]
期号：2017089，蓝球：12，红球：[11, 12, 13, 16, 23, 25]
期号：2017088，蓝球：6，红球：[7, 9, 18, 22, 23, 29]
期号：2017087，蓝球：6，红球：[3, 6, 13, 14, 19, 28]
期号：2017086，蓝球：7，红球：[3, 5, 6, 13, 20, 22]
期号：2017085，蓝球：9，红球：[1, 5, 6, 16, 25, 30]
期号：2017084，蓝球：2，红球：[1, 5, 11, 20, 22, 24]
期号：2017083，蓝球：12，红球：[3, 8, 14, 20, 24, 26]
期号：2017082，蓝球：10，红球：[14, 18, 21, 25, 28, 29]
期号：2017081，蓝球：5，红球：[3, 5, 14, 25, 26, 30]
期号：2017080，蓝球：8，红球：[1, 12, 16, 20, 22, 24]
期号：2017079，蓝球：8，红球：[3, 7, 14, 23, 25, 27]
期号：2017078，蓝球：16，红球：[5, 7, 18, 19, 22, 24]
期号：2017077，蓝球：14，红球：[1, 2, 4, 15, 17, 22]
期号：2017076，蓝球：13，红球：[1, 4, 8, 9, 14, 15]
期号：2017075，蓝球：7，红球：[1, 3, 6, 19, 21, 29]
期号：2017074，蓝球：2，红球：[2, 6, 16, 23, 30, 31]
期号：2017073，蓝球：14，红球：[3, 6, 16, 23, 26, 30]
期号：2017072，蓝球：2，红球：[6, 11, 14, 23, 26, 30]
期号：2017071，蓝球：3，红球：[2, 3, 6, 14, 31, 32]
期号：2017070，蓝球：12，红球：[1, 6, 14, 22, 25, 26]
期号：2017069，蓝球：5，红球：[2, 11, 12, 23, 29, 31]
期号：2017068，蓝球：15，红球：[2, 6, 10, 22, 30, 31]
期号：2017067，蓝球：4，红球：[1, 3, 4, 10, 18, 29]
期号：2017066，蓝球：3，红球：[1, 4, 6, 17, 19, 26]
期号：2017065，蓝球：7，红球：[2, 5, 8, 10, 12, 21]
期号：2017064，蓝球：15，红球：[2, 10, 16, 22, 24, 28]
期号：2017063，蓝球：4，红球：[12, 16, 20, 22, 25, 31]
期号：2017062，蓝球：10，红球：[1, 7, 22, 24, 26, 31]
期号：2017061，蓝球：11，红球：[6, 7, 12, 20, 26, 27]
期号：2017060，蓝球：4，红球：[5, 10, 13, 24, 26, 31]
期号：2017059，蓝球：9，红球：[4, 8, 9, 15, 19, 25]
期号：2017058，蓝球：11，红球：[1, 9, 13, 22, 28, 32]
期号：2017057，蓝球：16，红球：[18, 20, 22, 23, 30, 31]
期号：2017056，蓝球：6，红球：[13, 14, 18, 19, 21, 28]
期号：2017055，蓝球：5，红球：[7, 12, 13, 20, 24, 31]
期号：2017054，蓝球：8，红球：[2, 3, 9, 23, 28, 33]
期号：2017053，蓝球：6，红球：[4, 9, 11, 15, 29, 31]
期号：2017052，蓝球：7，红球：[7, 8, 18, 24, 29, 31]
期号：2017051，蓝球：11，红球：[2, 5, 9, 15, 24, 25]
期号：2017050，蓝球：7，红球：[10, 12, 20, 24, 27, 29]
期号：2017049，蓝球：10，红球：[1, 8, 14, 15, 20, 29]
期号：2017048，蓝球：7，红球：[5, 8, 9, 14, 15, 19]
期号：2017047，蓝球：2，红球：[2, 5, 8, 10, 32, 33]
期号：2017046，蓝球：10，红球：[4, 13, 14, 23, 26, 32]
期号：2017045，蓝球：5，红球：[5, 7, 16, 20, 21, 25]
期号：2017044，蓝球：6，红球：[8, 16, 19, 21, 31, 32]
期号：2017043，蓝球：8，红球：[8, 13, 16, 23, 27, 31]
期号：2017042，蓝球：4，红球：[1, 2, 4, 7, 10, 23]
期号：2017041，蓝球：4，红球：[4, 10, 13, 15, 22, 27]
期号：2017040，蓝球：4，红球：[15, 19, 23, 28, 29, 33]
期号：2017039，蓝球：15，红球：[2, 4, 12, 14, 17, 24]
期号：2017038，蓝球：5，红球：[1, 4, 8, 13, 24, 27]
期号：2017037，蓝球：5，红球：[11, 15, 20, 22, 25, 30]
期号：2017036，蓝球：15，红球：[1, 2, 5, 10, 24, 27]
期号：2017035，蓝球：12，红球：[1, 6, 14, 24, 28, 32]
期号：2017034，蓝球：13，红球：[4, 7, 8, 19, 32, 33]
期号：2017033，蓝球：15，红球：[5, 7, 15, 20, 23, 30]
期号：2017032，蓝球：11，红球：[5, 8, 15, 24, 27, 31]
期号：2017031，蓝球：3，红球：[6, 10, 16, 26, 27, 29]
期号：2017030，蓝球：2，红球：[1, 7, 9, 20, 23, 30]
期号：2017029，蓝球：10，红球：[2, 15, 21, 23, 25, 30]
期号：2017028，蓝球：9，红球：[7, 8, 12, 13, 22, 30]
期号：2017027，蓝球：5，红球：[2, 4, 11, 14, 27, 30]
期号：2017026，蓝球：8，红球：[3, 10, 12, 19, 27, 30]
期号：2017025，蓝球：7，红球：[2, 15, 16, 17, 22, 32]
期号：2017024，蓝球：13，红球：[9, 21, 25, 26, 29, 31]
期号：2017023，蓝球：14，红球：[1, 3, 4, 11, 18, 22]
期号：2017022，蓝球：15，红球：[2, 6, 15, 16, 18, 32]
期号：2017021，蓝球：9，红球：[2, 5, 10, 22, 32, 33]
期号：2017020，蓝球：10，红球：[4, 8, 10, 12, 31, 33]
期号：2017019，蓝球：8，红球：[4, 6, 8, 12, 23, 25]
期号：2017018，蓝球：9，红球：[1, 2, 3, 17, 25, 31]
期号：2017017，蓝球：12，红球：[3, 7, 8, 10, 22, 23]
期号：2017016，蓝球：2，红球：[5, 8, 16, 22, 27, 29]
期号：2017015，蓝球：1，红球：[1, 8, 9, 14, 17, 32]
期号：2017014，蓝球：13，红球：[6, 8, 18, 20, 23, 31]
期号：2017013，蓝球：6，红球：[8, 11, 28, 29, 31, 33]
期号：2017012，蓝球：7，红球：[10, 11, 14, 15, 16, 24]
期号：2017011，蓝球：16，红球：[10, 11, 12, 23, 26, 29]
期号：2017010，蓝球：7，红球：[5, 8, 19, 25, 28, 30]
期号：2017009，蓝球：14，红球：[2, 6, 8, 9, 15, 29]
期号：2017008，蓝球：13，红球：[7, 13, 15, 27, 28, 29]
期号：2017007，蓝球：15，红球：[2, 4, 5, 24, 26, 33]
期号：2017006，蓝球：8，红球：[2, 4, 8, 26, 29, 33]
期号：2017005，蓝球：5，红球：[6, 11, 12, 22, 23, 30]
期号：2017004，蓝球：7，红球：[5, 13, 17, 26, 27, 30]
期号：2017003，蓝球：16，红球：[1, 4, 8, 15, 27, 32]
期号：2017002，蓝球：3，红球：[15, 19, 23, 24, 25, 32]
期号：2017001，蓝球：15，红球：[9, 11, 14, 20, 25, 26]
期号：2016153，蓝球：6，红球：[7, 9, 16, 24, 25, 29]
期号：2016152，蓝球：7，红球：[2, 8, 9, 16, 20, 22]
期号：2016151，蓝球：7，红球：[6, 11, 16, 20, 22, 33]
期号：2016150，蓝球：5，红球：[2, 4, 5, 9, 13, 21]
期号：2016149，蓝球：7，红球：[3, 20, 23, 26, 32, 33]
期号：2016148，蓝球：14，红球：[1, 2, 11, 20, 26, 30]
期号：2016147，蓝球：12，红球：[4, 14, 18, 28, 31, 32]
期号：2016146，蓝球：10，红球：[3, 7, 15, 16, 17, 23]
期号：2016145，蓝球：6，红球：[1, 3, 7, 12, 19, 20]
期号：2016144，蓝球：5，红球：[4, 10, 12, 27, 32, 33]
期号：2016143，蓝球：13，红球：[6, 9, 23, 24, 25, 33]
期号：2016142，蓝球：12，红球：[1, 10, 17, 21, 23, 30]
期号：2016141，蓝球：15，红球：[4, 13, 15, 17, 21, 24]
期号：2016140，蓝球：10，红球：[1, 2, 5, 17, 26, 32]
期号：2016139，蓝球：3，红球：[1, 6, 19, 26, 28, 30]
期号：2016138，蓝球：7，红球：[7, 16, 20, 24, 25, 30]
期号：2016137，蓝球：14，红球：[1, 6, 9, 10, 15, 32]
期号：2016136，蓝球：3，红球：[2, 7, 10, 20, 27, 29]
期号：2016135，蓝球：12，红球：[2, 8, 10, 18, 20, 33]
期号：2016134，蓝球：13，红球：[11, 12, 13, 14, 18, 33]
期号：2016133，蓝球：15，红球：[15, 16, 21, 22, 27, 33]
期号：2016132，蓝球：7，红球：[5, 8, 13, 19, 27, 28]
期号：2016131，蓝球：2，红球：[4, 10, 18, 19, 25, 27]
期号：2016130，蓝球：1，红球：[3, 17, 21, 23, 27, 28]
期号：2016129，蓝球：14，红球：[5, 6, 8, 21, 31, 33]
期号：2016128，蓝球：13，红球：[4, 9, 11, 17, 26, 27]
期号：2016127，蓝球：16，红球：[7, 12, 17, 26, 29, 31]
期号：2016126，蓝球：10，红球：[2, 6, 12, 17, 18, 19]
期号：2016125，蓝球：3，红球：[1, 6, 8, 20, 27, 30]
期号：2016124，蓝球：10，红球：[9, 15, 21, 24, 27, 32]
期号：2016123，蓝球：16，红球：[7, 9, 12, 14, 20, 27]
期号：2016122，蓝球：8，红球：[15, 22, 23, 24, 28, 29]
期号：2016121，蓝球：9，红球：[2, 3, 10, 23, 25, 28]
期号：2016120，蓝球：9，红球：[2, 5, 6, 21, 25, 28]
期号：2016119，蓝球：4，红球：[9, 19, 21, 30, 31, 32]
期号：2016118，蓝球：14，红球：[9, 14, 22, 23, 31, 33]
期号：2016117，蓝球：2，红球：[3, 10, 14, 17, 28, 33]
期号：2016116，蓝球：13，红球：[7, 18, 20, 23, 27, 31]
期号：2016115，蓝球：9，红球：[6, 8, 20, 22, 26, 27]
期号：2016114，蓝球：9，红球：[5, 16, 20, 22, 27, 29]
期号：2016113，蓝球：14，红球：[1, 11, 16, 17, 20, 26]
期号：2016112，蓝球：12，红球：[6, 12, 14, 15, 18, 25]
期号：2016111，蓝球：4，红球：[2, 4, 7, 14, 15, 32]
期号：2016110，蓝球：8，红球：[5, 7, 28, 31, 32, 33]
期号：2016109，蓝球：5，红球：[9, 11, 15, 16, 27, 33]
期号：2016108，蓝球：16，红球：[2, 3, 7, 8, 19, 26]
期号：2016107，蓝球：1，红球：[6, 11, 18, 26, 27, 32]
期号：2016106，蓝球：4，红球：[4, 5, 13, 22, 25, 30]
期号：2016105，蓝球：16，红球：[8, 10, 19, 27, 28, 31]
期号：2016104，蓝球：4，红球：[5, 9, 11, 18, 30, 31]
期号：2016103，蓝球：11，红球：[1, 5, 13, 19, 24, 27]
期号：2016102，蓝球：13，红球：[5, 8, 10, 14, 17, 30]
期号：2016101，蓝球：1，红球：[1, 3, 19, 24, 32, 33]
期号：2016100，蓝球：4，红球：[3, 10, 22, 23, 27, 29]
期号：2016099，蓝球：6，红球：[1, 11, 21, 23, 27, 33]
期号：2016098，蓝球：6，红球：[2, 8, 25, 29, 31, 32]
期号：2016097，蓝球：1，红球：[6, 13, 25, 26, 28, 31]
期号：2016096，蓝球：16，红球：[6, 13, 14, 21, 22, 24]
期号：2016095，蓝球：12，红球：[1, 5, 9, 12, 18, 32]
期号：2016094，蓝球：10，红球：[6, 7, 10, 12, 18, 31]
期号：2016093，蓝球：9，红球：[6, 9, 15, 17, 25, 27]
期号：2016092，蓝球：6，红球：[2, 13, 15, 23, 24, 29]
期号：2016091，蓝球：7，红球：[4, 8, 14, 22, 23, 28]
期号：2016090，蓝球：7，红球：[2, 13, 17, 20, 21, 26]
期号：2016089，蓝球：8，红球：[1, 3, 14, 30, 31, 32]
期号：2016088，蓝球：15，红球：[3, 14, 16, 18, 25, 33]
期号：2016087，蓝球：12，红球：[2, 3, 10, 11, 14, 21]
期号：2016086，蓝球：5，红球：[9, 10, 11, 12, 15, 32]
期号：2016085，蓝球：16，红球：[1, 12, 19, 20, 21, 25]
期号：2016084，蓝球：5，红球：[2, 4, 12, 18, 24, 26]
期号：2016083，蓝球：4，红球：[9, 16, 17, 24, 30, 31]
期号：2016082，蓝球：9，红球：[6, 12, 14, 15, 17, 20]
期号：2016081，蓝球：7，红球：[2, 6, 15, 25, 30, 32]
期号：2016080，蓝球：14，红球：[1, 16, 17, 24, 25, 32]
期号：2016079，蓝球：2，红球：[1, 3, 10, 12, 24, 28]
期号：2016078，蓝球：2，红球：[2, 4, 8, 23, 26, 29]
期号：2016077，蓝球：10，红球：[1, 9, 17, 19, 20, 29]
期号：2016076，蓝球：1，红球：[7, 8, 13, 22, 30, 32]
期号：2016075，蓝球：7，红球：[1, 3, 6, 16, 29, 32]
期号：2016074，蓝球：12，红球：[6, 10, 11, 12, 20, 25]
期号：2016073，蓝球：13，红球：[9, 11, 12, 15, 16, 20]
期号：2016072，蓝球：2，红球：[5, 16, 19, 22, 24, 25]
期号：2016071，蓝球：1，红球：[19, 21, 26, 28, 29, 32]
期号：2016070，蓝球：1，红球：[3, 6, 11, 18, 23, 29]
期号：2016069，蓝球：11，红球：[8, 10, 11, 20, 21, 27]
期号：2016068，蓝球：1，红球：[8, 19, 23, 28, 31, 32]
期号：2016067，蓝球：4，红球：[9, 13, 18, 20, 27, 31]
期号：2016066，蓝球：5，红球：[3, 7, 13, 18, 19, 20]
期号：2016065，蓝球：14，红球：[13, 16, 22, 25, 26, 27]
期号：2016064，蓝球：3，红球：[3, 12, 14, 17, 19, 26]
期号：2016063，蓝球：7，红球：[16, 17, 18, 23, 28, 32]
期号：2016062，蓝球：9，红球：[12, 13, 15, 18, 19, 21]
期号：2016061，蓝球：8，红球：[5, 6, 8, 18, 20, 32]
期号：2016060，蓝球：8，红球：[4, 5, 22, 26, 29, 32]
期号：2016059，蓝球：15，红球：[4, 11, 12, 20, 25, 28]
期号：2016058，蓝球：11，红球：[3, 5, 18, 20, 24, 32]
期号：2016057，蓝球：11，红球：[7, 12, 19, 22, 23, 26]
期号：2016056，蓝球：14，红球：[3, 4, 8, 11, 16, 18]
期号：2016055，蓝球：11，红球：[5, 6, 10, 16, 22, 26]
期号：2016054，蓝球：4，红球：[6, 11, 16, 19, 28, 32]
期号：2016053，蓝球：1，红球：[2, 8, 10, 12, 29, 31]
期号：2016052，蓝球：16，红球：[1, 6, 13, 19, 24, 28]
期号：2016051，蓝球：12，红球：[1, 2, 4, 9, 15, 33]
期号：2016050，蓝球：2，红球：[9, 12, 24, 28, 29, 30]
期号：2016049，蓝球：10，红球：[6, 8, 13, 14, 22, 27]
期号：2016048，蓝球：4，红球：[3, 8, 13, 14, 15, 30]
期号：2016047，蓝球：16，红球：[2, 5, 8, 15, 17, 22]
期号：2016046，蓝球：14，红球：[7, 20, 25, 26, 27, 30]
期号：2016045，蓝球：3，红球：[4, 9, 12, 17, 30, 32]
期号：2016044，蓝球：1，红球：[1, 3, 10, 12, 18, 30]
期号：2016043，蓝球：12，红球：[5, 14, 20, 26, 30, 33]
期号：2016042，蓝球：9，红球：[7, 14, 17, 23, 26, 31]
期号：2016041，蓝球：4，红球：[12, 17, 18, 21, 22, 24]
期号：2016040，蓝球：3，红球：[3, 13, 19, 20, 23, 26]
期号：2016039，蓝球：16，红球：[1, 3, 7, 18, 19, 27]
期号：2016038，蓝球：3，红球：[3, 12, 13, 22, 28, 29]
期号：2016037，蓝球：16，红球：[6, 15, 26, 31, 32, 33]
期号：2016036，蓝球：3，红球：[3, 4, 7, 9, 20, 22]
期号：2016035，蓝球：11，红球：[4, 13, 19, 20, 26, 29]
期号：2016034，蓝球：15，红球：[3, 15, 21, 22, 23, 28]
期号：2016033，蓝球：15，红球：[6, 17, 18, 20, 27, 29]
期号：2016032，蓝球：15，红球：[8, 12, 14, 15, 21, 27]
期号：2016031，蓝球：3，红球：[3, 8, 10, 19, 26, 33]
期号：2016030，蓝球：12，红球：[10, 14, 19, 22, 25, 29]
期号：2016029，蓝球：15，红球：[12, 15, 18, 20, 21, 27]
期号：2016028，蓝球：1，红球：[6, 8, 12, 21, 25, 29]
期号：2016027，蓝球：5，红球：[11, 13, 15, 17, 19, 31]
期号：2016026，蓝球：1，红球：[4, 9, 12, 28, 30, 33]
期号：2016025，蓝球：12，红球：[4, 11, 12, 17, 24, 30]
期号：2016024，蓝球：13，红球：[2, 5, 7, 14, 18, 31]
期号：2016023，蓝球：7，红球：[3, 6, 10, 19, 25, 29]
期号：2016022，蓝球：7，红球：[4, 9, 19, 22, 23, 30]
期号：2016021，蓝球：5，红球：[9, 11, 13, 22, 24, 26]
期号：2016020，蓝球：10，红球：[1, 2, 10, 12, 22, 24]
期号：2016019，蓝球：10，红球：[6, 13, 16, 17, 23, 30]
期号：2016018，蓝球：4，红球：[12, 13, 14, 17, 21, 25]
期号：2016017，蓝球：5，红球：[5, 6, 8, 20, 22, 30]
期号：2016016，蓝球：16，红球：[1, 20, 22, 24, 25, 26]
期号：2016015，蓝球：7，红球：[1, 2, 14, 22, 25, 26]
期号：2016014，蓝球：7，红球：[2, 8, 10, 18, 20, 27]
期号：2016013，蓝球：1，红球：[7, 12, 21, 22, 26, 31]
期号：2016012，蓝球：15，红球：[7, 12, 14, 16, 27, 32]
期号：2016011，蓝球：12，红球：[3, 8, 10, 15, 22, 29]
期号：2016010，蓝球：6，红球：[2, 4, 12, 14, 19, 25]
期号：2016009，蓝球：4，红球：[10, 14, 24, 25, 27, 32]
期号：2016008，蓝球：2，红球：[2, 15, 24, 29, 32, 33]
期号：2016007，蓝球：6，红球：[5, 12, 14, 20, 27, 29]
期号：2016006，蓝球：12，红球：[13, 16, 18, 20, 28, 31]
期号：2016005，蓝球：14，红球：[11, 14, 18, 20, 31, 33]
期号：2016004，蓝球：12，红球：[8, 10, 17, 22, 25, 33]
期号：2016003，蓝球：1，红球：[1, 10, 14, 23, 26, 28]
期号：2016002，蓝球：16，红球：[9, 14, 17, 20, 24, 30]
期号：2016001，蓝球：13，红球：[6, 13, 16, 18, 20, 22]
期号：2015154，蓝球：7，红球：[7, 9, 11, 15, 18, 25]
期号：2015153，蓝球：3，红球：[8, 11, 15, 22, 27, 29]
期号：2015152，蓝球：12，红球：[11, 18, 19, 21, 29, 32]
期号：2015151，蓝球：11，红球：[5, 6, 8, 23, 31, 32]
期号：2015150，蓝球：13，红球：[1, 3, 8, 11, 29, 31]
期号：2015149，蓝球：9，红球：[9, 10, 20, 21, 22, 33]
期号：2015148，蓝球：7，红球：[9, 13, 14, 22, 26, 27]
期号：2015147，蓝球：5，红球：[8, 9, 16, 23, 24, 30]
期号：2015146，蓝球：15，红球：[16, 17, 21, 28, 30, 32]
期号：2015145，蓝球：13，红球：[7, 8, 15, 19, 20, 24]
期号：2015144，蓝球：16，红球：[1, 4, 7, 15, 28, 32]
期号：2015143，蓝球：4，红球：[13, 15, 19, 20, 21, 32]
期号：2015142，蓝球：11，红球：[13, 17, 19, 20, 22, 25]
期号：2015141，蓝球：2，红球：[3, 8, 19, 25, 27, 28]
期号：2015140，蓝球：12，红球：[6, 20, 28, 29, 30, 31]
期号：2015139，蓝球：9，红球：[1, 10, 13, 18, 25, 27]
期号：2015138，蓝球：11，红球：[1, 2, 8, 16, 19, 24]
期号：2015137，蓝球：12，红球：[14, 22, 23, 27, 28, 31]
期号：2015136，蓝球：1，红球：[2, 5, 12, 23, 28, 29]
期号：2015135，蓝球：7，红球：[1, 12, 14, 18, 26, 32]
期号：2015134，蓝球：4，红球：[2, 5, 14, 19, 27, 31]
期号：2015133，蓝球：15，红球：[2, 3, 13, 20, 22, 24]
期号：2015132，蓝球：1，红球：[3, 5, 11, 28, 30, 33]
期号：2015131，蓝球：3，红球：[10, 12, 13, 19, 22, 26]
期号：2015130，蓝球：10，红球：[6, 14, 15, 16, 17, 22]
期号：2015129，蓝球：4，红球：[5, 8, 11, 16, 18, 27]
期号：2015128，蓝球：6，红球：[1, 3, 8, 11, 22, 28]
期号：2015127，蓝球：6，红球：[7, 10, 19, 22, 27, 33]
期号：2015126，蓝球：12，红球：[10, 11, 15, 20, 23, 29]
期号：2015125，蓝球：10，红球：[5, 13, 22, 27, 30, 33]
期号：2015124，蓝球：1，红球：[2, 3, 5, 12, 18, 27]
期号：2015123，蓝球：7，红球：[5, 8, 9, 12, 22, 28]
期号：2015122，蓝球：7，红球：[5, 7, 11, 16, 22, 25]
期号：2015121，蓝球：12，红球：[1, 3, 20, 21, 28, 29]
期号：2015120，蓝球：16，红球：[16, 21, 24, 26, 27, 29]
期号：2015119，蓝球：8，红球：[2, 8, 10, 18, 23, 31]
期号：2015118，蓝球：12，红球：[1, 4, 11, 21, 23, 31]
期号：2015117，蓝球：12，红球：[4, 11, 12, 18, 26, 32]
期号：2015116，蓝球：11，红球：[4, 6, 15, 23, 26, 28]
期号：2015115，蓝球：3，红球：[1, 7, 8, 14, 24, 32]
期号：2015114，蓝球：1，红球：[4, 7, 9, 13, 21, 26]
期号：2015113，蓝球：12，红球：[1, 5, 7, 8, 19, 27]
期号：2015112，蓝球：11，红球：[1, 3, 10, 19, 20, 27]
期号：2015111，蓝球：12，红球：[8, 14, 16, 18, 20, 30]
期号：2015110，蓝球：4，红球：[5, 7, 16, 17, 22, 23]
期号：2015109，蓝球：13，红球：[1, 8, 9, 16, 32, 33]
期号：2015108，蓝球：15，红球：[2, 12, 19, 22, 24, 27]
期号：2015107，蓝球：8，红球：[7, 14, 16, 18, 21, 25]
期号：2015106，蓝球：13，红球：[1, 3, 4, 23, 31, 32]
期号：2015105，蓝球：12，红球：[9, 10, 16, 19, 20, 26]
期号：2015104，蓝球：1，红球：[9, 18, 21, 23, 25, 26]
期号：2015103，蓝球：14，红球：[6, 8, 13, 26, 30, 32]
期号：2015102，蓝球：6，红球：[7, 9, 12, 14, 21, 23]
期号：2015101，蓝球：5，红球：[8, 16, 22, 24, 28, 29]
期号：2015100，蓝球：8，红球：[2, 3, 11, 17, 19, 21]
期号：2015099，蓝球：9，红球：[6, 7, 10, 11, 14, 22]
期号：2015098，蓝球：1，红球：[6, 9, 13, 26, 27, 33]
期号：2015097，蓝球：4，红球：[9, 12, 14, 20, 26, 27]
期号：2015096，蓝球：7，红球：[6, 16, 17, 23, 24, 31]
期号：2015095，蓝球：4，红球：[4, 15, 21, 28, 30, 31]
期号：2015094，蓝球：10，红球：[1, 4, 6, 13, 16, 17]
期号：2015093，蓝球：8，红球：[1, 3, 13, 21, 25, 31]
期号：2015092，蓝球：1，红球：[9, 15, 19, 21, 26, 27]
期号：2015091，蓝球：11，红球：[5, 7, 17, 19, 22, 31]
期号：2015090，蓝球：15，红球：[10, 12, 14, 22, 25, 33]
期号：2015089，蓝球：1，红球：[12, 14, 19, 27, 28, 29]
期号：2015088，蓝球：9，红球：[2, 12, 20, 24, 29, 31]
期号：2015087，蓝球：11，红球：[9, 15, 16, 19, 20, 28]
期号：2015086，蓝球：12，红球：[5, 6, 8, 16, 18, 22]
期号：2015085，蓝球：5，红球：[2, 8, 25, 27, 28, 29]
期号：2015084，蓝球：15，红球：[15, 18, 20, 22, 28, 29]
期号：2015083，蓝球：5，红球：[6, 7, 16, 18, 29, 32]
期号：2015082，蓝球：7，红球：[2, 8, 9, 14, 28, 30]
期号：2015081，蓝球：13，红球：[13, 20, 22, 26, 28, 31]
期号：2015080，蓝球：2，红球：[14, 17, 25, 27, 28, 30]
期号：2015079，蓝球：11，红球：[9, 14, 15, 20, 26, 32]
期号：2015078，蓝球：2，红球：[3, 7, 20, 22, 26, 29]
期号：2015077，蓝球：16，红球：[1, 6, 8, 10, 13, 27]
期号：2015076，蓝球：9，红球：[1, 9, 10, 19, 23, 27]
期号：2015075，蓝球：4，红球：[6, 11, 13, 19, 21, 32]
期号：2015074，蓝球：8，红球：[4, 7, 21, 25, 26, 29]
期号：2015073，蓝球：4，红球：[1, 2, 17, 22, 26, 27]
期号：2015072，蓝球：5，红球：[1, 3, 5, 20, 21, 31]
期号：2015071，蓝球：8，红球：[8, 18, 20, 28, 29, 31]
期号：2015070，蓝球：15，红球：[1, 7, 13, 19, 21, 29]
期号：2015069，蓝球：15，红球：[1, 13, 17, 18, 23, 30]
期号：2015068，蓝球：10，红球：[6, 15, 18, 21, 26, 27]
期号：2015067，蓝球：14，红球：[2, 5, 8, 24, 25, 31]
期号：2015066，蓝球：16，红球：[5, 8, 11, 17, 24, 28]
期号：2015065，蓝球：12，红球：[8, 10, 14, 19, 26, 29]
期号：2015064，蓝球：1，红球：[11, 12, 14, 17, 23, 27]
期号：2015063，蓝球：12，红球：[1, 7, 9, 16, 22, 32]
期号：2015062，蓝球：16，红球：[9, 14, 15, 18, 21, 26]
期号：2015061，蓝球：4，红球：[6, 18, 22, 26, 32, 33]
期号：2015060，蓝球：13，红球：[1, 3, 18, 27, 31, 32]
期号：2015059，蓝球：14，红球：[2, 6, 9, 16, 25, 32]
期号：2015058，蓝球：15，红球：[2, 9, 10, 18, 19, 20]
期号：2015057，蓝球：4，红球：[9, 20, 24, 25, 26, 32]
期号：2015056，蓝球：14，红球：[1, 7, 8, 16, 18, 20]
期号：2015055，蓝球：2，红球：[1, 10, 15, 18, 19, 28]
期号：2015054，蓝球：7，红球：[1, 2, 7, 10, 22, 26]
期号：2015053，蓝球：10，红球：[3, 7, 17, 22, 32, 33]
期号：2015052，蓝球：12，红球：[2, 4, 11, 16, 25, 26]
期号：2015051，蓝球：9，红球：[4, 10, 24, 26, 28, 32]
期号：2015050，蓝球：4，红球：[3, 9, 12, 16, 17, 31]
期号：2015049，蓝球：5，红球：[7, 12, 14, 17, 20, 23]
期号：2015048，蓝球：10，红球：[13, 16, 17, 22, 25, 27]
期号：2015047，蓝球：9，红球：[2, 3, 20, 24, 26, 27]
期号：2015046，蓝球：1，红球：[5, 7, 10, 14, 23, 31]
期号：2015045，蓝球：7，红球：[1, 5, 13, 22, 30, 31]
期号：2015044，蓝球：2，红球：[2, 3, 4, 13, 14, 16]
期号：2015043，蓝球：15，红球：[11, 12, 15, 24, 26, 27]
期号：2015042，蓝球：8，红球：[9, 10, 19, 21, 23, 32]
期号：2015041，蓝球：6，红球：[4, 9, 11, 17, 21, 25]
期号：2015040，蓝球：16，红球：[13, 16, 18, 27, 30, 32]
期号：2015039，蓝球：12，红球：[1, 13, 15, 26, 29, 30]
期号：2015038，蓝球：14，红球：[5, 6, 11, 12, 14, 33]
期号：2015037，蓝球：3，红球：[5, 7, 12, 18, 28, 31]
期号：2015036，蓝球：3，红球：[4, 6, 16, 17, 26, 33]
期号：2015035，蓝球：3，红球：[1, 8, 9, 22, 24, 33]
期号：2015034，蓝球：13，红球：[12, 13, 17, 18, 20, 27]
期号：2015033，蓝球：5，红球：[3, 6, 21, 29, 31, 32]
期号：2015032，蓝球：16，红球：[11, 14, 16, 18, 29, 32]
期号：2015031，蓝球：11，红球：[1, 5, 7, 22, 26, 32]
期号：2015030，蓝球：7，红球：[8, 11, 14, 15, 16, 26]
期号：2015029，蓝球：7，红球：[7, 14, 15, 19, 21, 28]
期号：2015028，蓝球：14，红球：[4, 7, 10, 26, 27, 28]
期号：2015027，蓝球：7，红球：[5, 7, 9, 16, 26, 29]
期号：2015026，蓝球：13，红球：[2, 13, 17, 21, 22, 33]
期号：2015025，蓝球：14，红球：[10, 11, 12, 15, 27, 32]
期号：2015024，蓝球：10，红球：[9, 11, 16, 18, 23, 24]
期号：2015023，蓝球：1，红球：[8, 9, 10, 13, 29, 30]
期号：2015022，蓝球：10，红球：[4, 7, 10, 16, 23, 25]
期号：2015021，蓝球：8，红球：[14, 15, 16, 17, 27, 28]
期号：2015020，蓝球：4，红球：[1, 4, 7, 19, 22, 23]
期号：2015019，蓝球：4，红球：[2, 6, 11, 19, 25, 26]
期号：2015018，蓝球：9，红球：[6, 9, 12, 14, 28, 29]
期号：2015017，蓝球：12，红球：[13, 18, 20, 25, 27, 33]
期号：2015016，蓝球：13，红球：[2, 6, 10, 15, 17, 31]
期号：2015015，蓝球：4，红球：[1, 7, 20, 24, 25, 33]
期号：2015014，蓝球：11，红球：[2, 12, 16, 19, 27, 30]
期号：2015013，蓝球：1，红球：[8, 9, 24, 25, 26, 29]
期号：2015012，蓝球：6，红球：[3, 5, 22, 23, 29, 31]
期号：2015011，蓝球：15，红球：[4, 14, 15, 17, 18, 20]
期号：2015010，蓝球：9，红球：[1, 2, 3, 8, 21, 31]
期号：2015009，蓝球：14，红球：[4, 7, 14, 17, 21, 25]
期号：2015008，蓝球：3，红球：[4, 7, 10, 16, 20, 22]
期号：2015007，蓝球：8，红球：[1, 7, 9, 17, 20, 33]
期号：2015006，蓝球：13，红球：[1, 10, 11, 29, 31, 33]
期号：2015005，蓝球：15，红球：[7, 10, 16, 17, 18, 32]
期号：2015004，蓝球：10，红球：[2, 14, 15, 16, 23, 24]
期号：2015003，蓝球：15，红球：[10, 15, 20, 23, 24, 31]
期号：2015002，蓝球：5，红球：[7, 15, 16, 25, 28, 32]
期号：2015001，蓝球：6，红球：[1, 7, 9, 16, 20, 23]
期号：2014152，蓝球：12，红球：[8, 13, 15, 20, 21, 25]
期号：2014151，蓝球：8，红球：[4, 5, 8, 11, 21, 27]
期号：2014150，蓝球：9，红球：[3, 8, 14, 22, 24, 32]
期号：2014149，蓝球：1，红球：[7, 9, 10, 15, 19, 33]
期号：2014148，蓝球：13，红球：[1, 2, 5, 12, 15, 16]
期号：2014147，蓝球：10，红球：[6, 7, 22, 26, 31, 32]
期号：2014146，蓝球：1，红球：[1, 6, 13, 20, 29, 32]
期号：2014145，蓝球：11，红球：[10, 12, 13, 23, 26, 29]
期号：2014144，蓝球：14，红球：[3, 5, 6, 9, 10, 27]
期号：2014143，蓝球：16，红球：[3, 12, 18, 20, 25, 26]
期号：2014142，蓝球：13，红球：[6, 21, 22, 23, 25, 28]
期号：2014141，蓝球：10，红球：[8, 9, 11, 16, 21, 24]
期号：2014140，蓝球：6，红球：[6, 10, 11, 14, 17, 33]
期号：2014139，蓝球：11，红球：[1, 14, 15, 20, 25, 29]
期号：2014138，蓝球：13，红球：[4, 6, 13, 29, 31, 33]
期号：2014137，蓝球：9，红球：[3, 6, 9, 11, 25, 29]
期号：2014136，蓝球：10，红球：[3, 16, 19, 27, 31, 32]
期号：2014135，蓝球：1，红球：[2, 4, 11, 13, 25, 33]
期号：2014134，蓝球：2，红球：[5, 16, 22, 23, 26, 28]
期号：2014133，蓝球：13，红球：[13, 14, 16, 23, 30, 31]
期号：2014132，蓝球：8，红球：[5, 6, 14, 15, 18, 33]
期号：2014131，蓝球：14，红球：[5, 17, 21, 22, 28, 32]
期号：2014130，蓝球：10，红球：[1, 2, 10, 24, 30, 33]
期号：2014129，蓝球：2，红球：[5, 8, 9, 20, 28, 32]
期号：2014128，蓝球：14，红球：[5, 7, 8, 17, 18, 24]
期号：2014127，蓝球：12，红球：[2, 10, 12, 21, 23, 27]
期号：2014126，蓝球：1，红球：[6, 11, 16, 17, 22, 27]
期号：2014125，蓝球：6，红球：[10, 11, 15, 26, 31, 32]
期号：2014124，蓝球：4，红球：[2, 17, 20, 24, 31, 33]
期号：2014123，蓝球：5，红球：[1, 6, 11, 17, 28, 33]
期号：2014122，蓝球：11，红球：[6, 9, 11, 16, 20, 29]
期号：2014121，蓝球：9，红球：[1, 2, 13, 22, 28, 30]
期号：2014120，蓝球：4，红球：[1, 7, 12, 16, 23, 28]
期号：2014119，蓝球：9，红球：[6, 13, 17, 20, 26, 29]
期号：2014118，蓝球：3，红球：[5, 7, 15, 18, 26, 30]
期号：2014117，蓝球：4，红球：[5, 10, 17, 25, 28, 29]
期号：2014116，蓝球：16，红球：[9, 10, 14, 15, 19, 29]
期号：2014115，蓝球：3，红球：[1, 9, 10, 11, 13, 32]
期号：2014114，蓝球：10，红球：[2, 7, 23, 30, 32, 33]
期号：2014113，蓝球：7，红球：[12, 14, 28, 31, 32, 33]
期号：2014112，蓝球：3，红球：[1, 15, 16, 21, 24, 30]
期号：2014111，蓝球：2，红球：[2, 8, 17, 20, 22, 28]
期号：2014110，蓝球：6，红球：[1, 8, 11, 13, 19, 30]
期号：2014109，蓝球：2，红球：[2, 5, 11, 15, 19, 28]
期号：2014108，蓝球：2，红球：[3, 8, 9, 20, 23, 28]
期号：2014107，蓝球：16，红球：[11, 14, 17, 22, 25, 27]
期号：2014106，蓝球：15，红球：[9, 14, 17, 18, 21, 25]
期号：2014105，蓝球：4，红球：[14, 16, 17, 19, 27, 32]
期号：2014104，蓝球：13，红球：[2, 6, 12, 19, 27, 28]
期号：2014103，蓝球：4，红球：[3, 8, 9, 10, 18, 33]
期号：2014102，蓝球：13，红球：[14, 16, 21, 24, 28, 31]
期号：2014101，蓝球：7，红球：[16, 18, 20, 23, 24, 32]
期号：2014100，蓝球：11，红球：[1, 6, 9, 10, 14, 16]
期号：2014099，蓝球：14，红球：[1, 5, 10, 11, 13, 32]
期号：2014098，蓝球：7，红球：[2, 13, 17, 20, 29, 31]
期号：2014097，蓝球：15，红球：[7, 13, 24, 25, 27, 32]
期号：2014096，蓝球：8，红球：[12, 14, 17, 19, 22, 24]
期号：2014095，蓝球：8，红球：[5, 6, 8, 14, 22, 31]
期号：2014094，蓝球：1，红球：[1, 10, 18, 20, 23, 29]
期号：2014093，蓝球：5，红球：[2, 8, 9, 10, 20, 29]
期号：2014092，蓝球：7，红球：[3, 13, 18, 19, 22, 26]
期号：2014091，蓝球：14，红球：[1, 5, 12, 19, 27, 29]
期号：2014090，蓝球：13，红球：[5, 9, 11, 19, 24, 32]
期号：2014089，蓝球：9，红球：[4, 6, 14, 17, 27, 30]
期号：2014088，蓝球：15，红球：[3, 6, 11, 14, 16, 29]
期号：2014087，蓝球：6，红球：[6, 18, 22, 23, 32, 33]
期号：2014086，蓝球：8，红球：[2, 4, 10, 12, 14, 30]
期号：2014085，蓝球：8，红球：[1, 2, 11, 19, 23, 29]
期号：2014084，蓝球：8，红球：[1, 6, 9, 10, 13, 25]
期号：2014083，蓝球：12，红球：[5, 6, 19, 21, 23, 33]
期号：2014082，蓝球：11，红球：[2, 4, 20, 25, 26, 29]
期号：2014081，蓝球：10，红球：[8, 14, 22, 24, 27, 29]
期号：2014080，蓝球：7，红球：[5, 14, 16, 17, 25, 30]
期号：2014079，蓝球：2，红球：[2, 7, 16, 22, 27, 28]
期号：2014078，蓝球：7，红球：[2, 3, 5, 6, 9, 17]
期号：2014077，蓝球：10，红球：[8, 9, 12, 15, 19, 22]
期号：2014076，蓝球：11，红球：[6, 10, 12, 17, 18, 33]
期号：2014075，蓝球：6，红球：[3, 9, 11, 22, 27, 29]
期号：2014074，蓝球：12，红球：[1, 3, 6, 13, 30, 31]
期号：2014073，蓝球：2，红球：[1, 12, 16, 20, 30, 33]
期号：2014072，蓝球：16，红球：[1, 3, 7, 13, 19, 32]
期号：2014071，蓝球：14，红球：[2, 4, 12, 17, 22, 25]
期号：2014070，蓝球：7，红球：[1, 7, 9, 19, 28, 29]
期号：2014069，蓝球：11，红球：[5, 12, 17, 19, 25, 30]
期号：2014068，蓝球：16，红球：[4, 12, 13, 22, 27, 29]
期号：2014067，蓝球：6，红球：[1, 6, 7, 17, 18, 23]
期号：2014066，蓝球：16，红球：[2, 5, 15, 17, 18, 21]
期号：2014065，蓝球：6，红球：[3, 4, 5, 8, 10, 22]
期号：2014064，蓝球：14，红球：[2, 9, 15, 16, 29, 32]
期号：2014063，蓝球：16，红球：[3, 8, 17, 21, 22, 31]
期号：2014062，蓝球：9，红球：[6, 9, 15, 24, 25, 26]
期号：2014061，蓝球：8，红球：[2, 14, 17, 27, 28, 31]
期号：2014060，蓝球：6，红球：[3, 5, 14, 18, 25, 33]
期号：2014059，蓝球：13，红球：[5, 8, 12, 13, 23, 25]
期号：2014058，蓝球：11，红球：[2, 3, 12, 13, 14, 25]
期号：2014057，蓝球：8，红球：[2, 4, 12, 18, 23, 31]
期号：2014056，蓝球：1，红球：[1, 11, 18, 20, 28, 29]
期号：2014055，蓝球：4，红球：[2, 9, 14, 19, 21, 30]
期号：2014054，蓝球：14，红球：[1, 4, 5, 11, 29, 30]
期号：2014053，蓝球：2，红球：[14, 17, 19, 22, 26, 31]
期号：2014052，蓝球：8，红球：[9, 13, 15, 28, 30, 33]
期号：2014051，蓝球：13，红球：[10, 16, 19, 21, 23, 24]
期号：2014050，蓝球：13，红球：[3, 17, 23, 25, 26, 32]
期号：2014049，蓝球：6，红球：[6, 7, 16, 17, 23, 32]
期号：2014048，蓝球：16，红球：[6, 9, 16, 17, 24, 25]
期号：2014047，蓝球：15，红球：[8, 10, 11, 12, 19, 29]
期号：2014046，蓝球：10，红球：[2, 10, 11, 17, 18, 22]
期号：2014045，蓝球：15，红球：[2, 4, 9, 11, 19, 22]
期号：2014044，蓝球：12，红球：[4, 9, 21, 27, 28, 33]
期号：2014043，蓝球：9，红球：[2, 5, 9, 14, 24, 33]
期号：2014042，蓝球：14，红球：[12, 15, 20, 25, 28, 33]
期号：2014041，蓝球：2，红球：[7, 11, 16, 18, 21, 22]
期号：2014040，蓝球：8，红球：[3, 4, 6, 11, 12, 15]
期号：2014039，蓝球：7，红球：[3, 11, 15, 19, 20, 31]
期号：2014038，蓝球：16，红球：[4, 7, 22, 23, 24, 33]
期号：2014037，蓝球：7，红球：[6, 13, 14, 24, 25, 30]
期号：2014036，蓝球：3，红球：[1, 7, 8, 9, 11, 22]
期号：2014035，蓝球：6，红球：[7, 8, 9, 17, 32, 33]
期号：2014034，蓝球：6，红球：[1, 3, 4, 8, 25, 31]
期号：2014033，蓝球：12，红球：[5, 13, 23, 28, 32, 33]
期号：2014032，蓝球：7，红球：[1, 2, 14, 22, 29, 33]
期号：2014031，蓝球：14，红球：[4, 10, 16, 17, 21, 27]
期号：2014030，蓝球：10，红球：[12, 18, 19, 23, 24, 30]
期号：2014029，蓝球：14，红球：[2, 7, 14, 16, 21, 29]
期号：2014028，蓝球：5，红球：[6, 16, 21, 27, 30, 32]
期号：2014027，蓝球：1，红球：[8, 10, 14, 16, 30, 31]
期号：2014026，蓝球：14，红球：[1, 2, 5, 6, 11, 23]
期号：2014025，蓝球：16，红球：[1, 5, 10, 14, 16, 30]
期号：2014024，蓝球：9，红球：[8, 10, 16, 20, 23, 30]
期号：2014023，蓝球：10，红球：[7, 9, 13, 17, 21, 22]
期号：2014022，蓝球：16，红球：[4, 6, 7, 10, 21, 26]
期号：2014021，蓝球：12，红球：[8, 10, 15, 17, 22, 29]
期号：2014020，蓝球：15，红球：[9, 14, 17, 23, 24, 25]
期号：2014019，蓝球：7，红球：[2, 10, 15, 19, 20, 21]
期号：2014018，蓝球：15，红球：[13, 17, 18, 21, 30, 33]
期号：2014017，蓝球：10，红球：[4, 6, 7, 14, 25, 26]
期号：2014016，蓝球：8，红球：[2, 3, 7, 13, 21, 24]
期号：2014015，蓝球：9，红球：[2, 11, 19, 30, 32, 33]
期号：2014014，蓝球：15，红球：[4, 9, 19, 22, 25, 29]
期号：2014013，蓝球：13，红球：[5, 9, 13, 15, 17, 21]
期号：2014012，蓝球：8，红球：[1, 8, 11, 19, 21, 24]
期号：2014011，蓝球：2，红球：[9, 10, 13, 14, 21, 32]
期号：2014010，蓝球：11，红球：[5, 7, 8, 20, 31, 33]
期号：2014009，蓝球：16，红球：[8, 9, 19, 20, 25, 32]
期号：2014008，蓝球：12，红球：[5, 14, 16, 21, 29, 30]
期号：2014007，蓝球：14，红球：[8, 10, 12, 14, 18, 28]
期号：2014006，蓝球：14，红球：[3, 4, 7, 17, 21, 27]
期号：2014005，蓝球：4，红球：[15, 18, 23, 27, 32, 33]
期号：2014004，蓝球：15，红球：[1, 4, 19, 22, 24, 25]
期号：2014003，蓝球：12，红球：[6, 10, 11, 28, 30, 33]
期号：2014002，蓝球：4，红球：[4, 21, 23, 31, 32, 33]
期号：2014001，蓝球：1，红球：[3, 9, 15, 20, 27, 29]
期号：2013154，蓝球：5，红球：[7, 11, 14, 19, 24, 29]
期号：2013153，蓝球：10，红球：[8, 11, 13, 18, 28, 33]
期号：2013152，蓝球：5，红球：[4, 6, 14, 16, 18, 29]
期号：2013151，蓝球：9，红球：[3, 9, 10, 19, 28, 33]
期号：2013150，蓝球：10，红球：[1, 15, 16, 25, 26, 29]
期号：2013149，蓝球：11，红球：[9, 18, 25, 26, 30, 32]
期号：2013148，蓝球：1，红球：[6, 11, 12, 14, 17, 22]
期号：2013147，蓝球：8，红球：[2, 15, 16, 17, 19, 30]
期号：2013146，蓝球：1，红球：[8, 20, 25, 30, 32, 33]
期号：2013145，蓝球：15，红球：[6, 10, 13, 16, 23, 24]
期号：2013144，蓝球：2，红球：[5, 7, 12, 19, 27, 31]
期号：2013143，蓝球：11，红球：[12, 18, 21, 22, 27, 32]
期号：2013142，蓝球：14，红球：[11, 12, 14, 20, 22, 29]
期号：2013141，蓝球：4，红球：[3, 4, 5, 25, 30, 31]
期号：2013140，蓝球：10，红球：[1, 5, 12, 13, 21, 22]
期号：2013139，蓝球：8，红球：[7, 8, 11, 13, 21, 27]
期号：2013138，蓝球：3，红球：[4, 15, 16, 24, 27, 28]
期号：2013137，蓝球：10，红球：[4, 17, 19, 23, 24, 27]
期号：2013136，蓝球：6，红球：[4, 6, 14, 16, 18, 26]
期号：2013135，蓝球：12，红球：[9, 23, 24, 25, 29, 31]
期号：2013134，蓝球：10，红球：[1, 17, 18, 19, 25, 29]
期号：2013133，蓝球：1，红球：[4, 7, 12, 19, 22, 25]
期号：2013132，蓝球：12，红球：[20, 21, 22, 23, 25, 27]
期号：2013131，蓝球：9，红球：[4, 6, 12, 17, 19, 26]
期号：2013130，蓝球：8，红球：[1, 3, 15, 16, 31, 33]
期号：2013129，蓝球：14，红球：[5, 6, 10, 14, 27, 31]
期号：2013128，蓝球：8，红球：[7, 13, 17, 19, 25, 31]
期号：2013127，蓝球：14，红球：[2, 3, 13, 20, 22, 33]
期号：2013126，蓝球：16，红球：[4, 10, 19, 27, 31, 33]
期号：2013125，蓝球：16，红球：[4, 6, 8, 18, 25, 28]
期号：2013124，蓝球：7，红球：[3, 9, 15, 23, 25, 30]
期号：2013123，蓝球：2，红球：[1, 2, 6, 11, 17, 25]
期号：2013122，蓝球：11，红球：[7, 10, 13, 15, 26, 27]
期号：2013121，蓝球：7，红球：[4, 5, 6, 7, 25, 27]
期号：2013120，蓝球：11，红球：[5, 6, 13, 18, 23, 31]
期号：2013119，蓝球：9，红球：[5, 15, 20, 22, 26, 32]
期号：2013118，蓝球：16，红球：[2, 3, 17, 22, 32, 33]
期号：2013117，蓝球：16，红球：[9, 12, 13, 24, 27, 33]
期号：2013116，蓝球：7，红球：[12, 15, 21, 26, 32, 33]
期号：2013115，蓝球：8，红球：[3, 12, 16, 17, 18, 27]
期号：2013114，蓝球：7，红球：[4, 6, 17, 21, 23, 33]
期号：2013113，蓝球：9，红球：[4, 7, 11, 17, 24, 33]
期号：2013112，蓝球：7，红球：[1, 6, 12, 13, 22, 31]
期号：2013111，蓝球：13，红球：[1, 2, 3, 6, 8, 33]
期号：2013110，蓝球：13，红球：[15, 17, 18, 21, 29, 32]
期号：2013109，蓝球：8，红球：[9, 23, 24, 27, 29, 32]
期号：2013108，蓝球：5，红球：[16, 21, 22, 28, 31, 32]
期号：2013107，蓝球：11，红球：[7, 9, 11, 17, 28, 31]
期号：2013106，蓝球：6，红球：[9, 11, 23, 30, 31, 32]
期号：2013105，蓝球：9，红球：[1, 11, 23, 27, 31, 32]
期号：2013104，蓝球：11，红球：[1, 2, 4, 15, 17, 28]
期号：2013103，蓝球：7，红球：[2, 4, 9, 13, 18, 20]
期号：2013102，蓝球：3，红球：[2, 4, 5, 6, 8, 16]
期号：2013101，蓝球：1，红球：[5, 7, 9, 23, 27, 32]
期号：2013100，蓝球：11，红球：[4, 8, 11, 14, 16, 20]
期号：2013099，蓝球：3，红球：[5, 11, 20, 21, 26, 31]
期号：2013098，蓝球：14，红球：[7, 15, 18, 19, 20, 26]
期号：2013097，蓝球：7，红球：[5, 14, 17, 22, 23, 25]
期号：2013096，蓝球：15，红球：[1, 2, 22, 28, 29, 30]
期号：2013095，蓝球：10，红球：[1, 6, 15, 19, 28, 29]
期号：2013094，蓝球：7，红球：[2, 4, 14, 18, 20, 22]
期号：2013093，蓝球：14，红球：[1, 2, 8, 26, 29, 31]
期号：2013092，蓝球：6，红球：[7, 11, 15, 21, 26, 31]
期号：2013091，蓝球：10，红球：[4, 14, 24, 25, 28, 31]
期号：2013090，蓝球：8，红球：[2, 5, 11, 23, 24, 29]
期号：2013089，蓝球：13，红球：[4, 8, 12, 19, 21, 25]
期号：2013088，蓝球：14，红球：[9, 15, 20, 21, 22, 24]
期号：2013087，蓝球：5，红球：[2, 13, 19, 23, 24, 28]
期号：2013086，蓝球：11，红球：[2, 4, 11, 13, 16, 26]
期号：2013085，蓝球：16，红球：[2, 8, 12, 14, 16, 32]
期号：2013084，蓝球：3，红球：[5, 7, 9, 11, 20, 21]
期号：2013083，蓝球：9，红球：[5, 6, 12, 14, 19, 23]
期号：2013082，蓝球：6，红球：[4, 13, 14, 20, 22, 30]
期号：2013081，蓝球：13，红球：[1, 4, 10, 13, 21, 31]
期号：2013080，蓝球：16，红球：[10, 11, 12, 23, 28, 32]
期号：2013079，蓝球：13，红球：[7, 13, 17, 19, 22, 26]
期号：2013078，蓝球：15，红球：[3, 5, 17, 18, 26, 27]
期号：2013077，蓝球：3，红球：[9, 14, 23, 24, 26, 29]
期号：2013076，蓝球：3，红球：[14, 23, 24, 26, 29, 30]
期号：2013075，蓝球：14，红球：[4, 6, 9, 25, 30, 33]
期号：2013074，蓝球：3，红球：[3, 6, 8, 14, 19, 32]
期号：2013073，蓝球：11，红球：[2, 9, 13, 17, 20, 28]
期号：2013072，蓝球：9，红球：[2, 8, 11, 14, 19, 33]
期号：2013071，蓝球：9，红球：[5, 12, 21, 23, 26, 28]
期号：2013070，蓝球：6，红球：[2, 3, 9, 10, 28, 30]
期号：2013069，蓝球：6，红球：[7, 16, 17, 18, 30, 33]
期号：2013068，蓝球：6，红球：[2, 7, 13, 20, 25, 27]
期号：2013067，蓝球：6，红球：[1, 4, 9, 15, 22, 30]
期号：2013066，蓝球：7，红球：[1, 3, 16, 17, 20, 32]
期号：2013065，蓝球：2，红球：[7, 18, 19, 23, 29, 30]
期号：2013064，蓝球：12，红球：[1, 9, 13, 22, 25, 32]
期号：2013063，蓝球：12，红球：[10, 15, 18, 20, 23, 31]
期号：2013062，蓝球：2，红球：[1, 6, 7, 19, 22, 27]
期号：2013061，蓝球：12，红球：[5, 6, 7, 12, 13, 18]
期号：2013060，蓝球：15，红球：[5, 7, 10, 13, 19, 20]
期号：2013059，蓝球：9，红球：[3, 10, 18, 24, 27, 29]
期号：2013058，蓝球：5，红球：[8, 11, 17, 21, 23, 24]
期号：2013057，蓝球：5，红球：[13, 16, 19, 23, 26, 28]
期号：2013056，蓝球：16，红球：[3, 12, 25, 26, 28, 29]
期号：2013055，蓝球：6，红球：[8, 18, 19, 22, 27, 32]
期号：2013054，蓝球：14，红球：[3, 4, 8, 14, 21, 28]
期号：2013053，蓝球：14，红球：[3, 12, 13, 22, 30, 33]
期号：2013052，蓝球：13，红球：[6, 7, 14, 21, 22, 24]
期号：2013051，蓝球：2，红球：[8, 12, 15, 19, 28, 29]
期号：2013050，蓝球：3，红球：[3, 7, 13, 18, 22, 25]
期号：2013049，蓝球：14，红球：[10, 13, 14, 16, 21, 32]
期号：2013048，蓝球：4，红球：[10, 13, 17, 28, 30, 32]
期号：2013047，蓝球：12，红球：[1, 8, 11, 17, 27, 30]
期号：2013046，蓝球：6，红球：[3, 16, 19, 20, 24, 26]
期号：2013045，蓝球：12，红球：[6, 7, 8, 14, 23, 31]
期号：2013044，蓝球：6，红球：[3, 5, 11, 18, 26, 28]
期号：2013043，蓝球：16，红球：[3, 6, 14, 15, 17, 25]
期号：2013042，蓝球：3，红球：[1, 8, 12, 13, 15, 33]
期号：2013041，蓝球：5，红球：[2, 10, 12, 17, 23, 24]
期号：2013040，蓝球：10，红球：[2, 4, 10, 12, 17, 30]
期号：2013039，蓝球：6，红球：[1, 2, 14, 15, 24, 29]
期号：2013038，蓝球：11，红球：[9, 10, 12, 14, 15, 19]
期号：2013037，蓝球：14，红球：[2, 15, 18, 27, 28, 32]
期号：2013036，蓝球：13，红球：[4, 5, 9, 27, 29, 31]
期号：2013035，蓝球：2，红球：[1, 14, 15, 17, 26, 30]
期号：2013034，蓝球：9，红球：[6, 15, 20, 22, 26, 33]
期号：2013033，蓝球：1，红球：[5, 6, 13, 17, 19, 28]
期号：2013032，蓝球：3，红球：[4, 21, 25, 29, 30, 33]
期号：2013031，蓝球：3，红球：[3, 13, 14, 15, 21, 33]
期号：2013030，蓝球：6，红球：[7, 14, 18, 25, 26, 29]
期号：2013029，蓝球：12，红球：[6, 7, 10, 19, 23, 29]
期号：2013028，蓝球：13，红球：[7, 8, 14, 25, 26, 28]
期号：2013027，蓝球：12，红球：[1, 2, 4, 12, 21, 24]
期号：2013026，蓝球：11，红球：[4, 11, 14, 15, 22, 31]
期号：2013025，蓝球：8，红球：[16, 17, 18, 24, 25, 30]
期号：2013024，蓝球：9，红球：[4, 5, 13, 23, 27, 30]
期号：2013023，蓝球：5，红球：[3, 6, 15, 18, 30, 32]
期号：2013022，蓝球：7，红球：[2, 4, 7, 9, 15, 20]
期号：2013021，蓝球：11，红球：[1, 6, 17, 19, 26, 31]
期号：2013020，蓝球：1，红球：[1, 7, 8, 12, 16, 21]
期号：2013019，蓝球：6，红球：[1, 2, 5, 16, 20, 26]
期号：2013018，蓝球：5，红球：[2, 8, 13, 28, 29, 30]
期号：2013017，蓝球：9，红球：[4, 6, 12, 30, 31, 32]
期号：2013016，蓝球：5，红球：[2, 5, 6, 12, 14, 28]
期号：2013015，蓝球：15，红球：[5, 6, 7, 11, 13, 18]
期号：2013014，蓝球：8，红球：[2, 4, 5, 17, 19, 20]
期号：2013013，蓝球：9，红球：[5, 6, 13, 19, 22, 28]
期号：2013012，蓝球：2，红球：[6, 14, 17, 22, 28, 29]
期号：2013011，蓝球：9，红球：[3, 12, 17, 24, 27, 29]
期号：2013010，蓝球：12，红球：[1, 9, 11, 17, 32, 33]
期号：2013009，蓝球：2，红球：[1, 4, 9, 13, 16, 23]
期号：2013008，蓝球：15，红球：[3, 8, 17, 21, 25, 32]
期号：2013007，蓝球：1，红球：[2, 9, 15, 22, 26, 32]
期号：2013006，蓝球：13，红球：[9, 10, 13, 17, 22, 30]
期号：2013005，蓝球：12，红球：[1, 13, 14, 25, 31, 32]
期号：2013004，蓝球：8，红球：[6, 10, 16, 20, 27, 32]
期号：2013003，蓝球：9，红球：[22, 23, 26, 27, 28, 33]
期号：2013002，蓝球：12，红球：[1, 16, 18, 22, 28, 30]
期号：2013001，蓝球：6，红球：[6, 8, 14, 15, 24, 25]
